89.940000
85.810000
87.690000
87.270000
86.370000
87.560000
84.000000
89.120000
92.560000
91.310000
92.870000
96.560000
94.810000
95.750000
91.190000
94.500000
90.440000
92.370000
91.190000
96.620000
101.250000
55.630000
53.750000
51.690000
54.130000
51.750000
54.440000
51.250000
52.380000
53.310000
51.630000
51.810000
54.440000
57.130000
56.940000
58.880000
56.500000
57.690000
58.310000
57.250000
52.690000
55.130000
53.560000
48.690000
50.060000
50.060000
52.000000
48.310000
50.810000
49.310000
47.250000
48.000000
47.380000
47.940000
46.750000
47.500000
47.560000
47.690000
47.060000
46.690000
48.500000
51.440000
50.000000
50.500000
51.690000
54.310000
56.110000
56.810000
58.060000
59.190000
59.500000
60.940000
63.440000
62.440000
58.440000
62.000000
58.880000
58.440000
57.750000
58.000000
56.860000
55.230000
60.660000
59.940000
61.050000
56.690000
52.190000
53.500000
51.440000
48.940000
53.500000
25.750000
24.250000
22.310000
23.620000
22.060000
22.190000
21.750000
20.870000
19.620000
20.000000
22.060000
21.500000
20.120000
20.120000
18.940000
19.500000
20.370000
18.870000
18.500000
18.500000
18.560000
19.310000
19.560000
20.500000
22.310000
22.250000
21.440000
21.310000
20.060000
20.190000
19.060000
19.370000
20.250000
19.870000
19.000000
18.500000
18.940000
18.810000
18.500000
19.310000
18.690000
18.030000
17.560000
16.500000
17.060000
16.690000
17.000000
14.310000
14.310000
15.060000
15.190000
15.380000
15.000000
14.440000
14.060000
14.250000
14.000000
14.380000
14.060000
15.000000
14.690000
14.810000
14.810000
14.880000
14.880000
16.370000
17.060000
16.370000
16.560000
17.190000
16.560000
18.000000
17.190000
17.120000
16.810000
18.690000
19.500000
19.250000
20.500000
20.500000
19.940000
19.560000
21.690000
21.750000
21.620000
21.120000
20.620000
20.190000
21.120000
20.750000
20.750000
19.120000
19.690000
19.120000
19.500000
20.060000
19.000000
18.310000
18.870000
18.810000
18.810000
19.500000
19.370000
18.250000
18.750000
19.250000
20.370000
21.500000
21.250000
20.810000
20.250000
18.620000
19.560000
20.440000
19.690000
19.620000
20.560000
19.690000
20.120000
21.620000
23.000000
21.780000
22.870000
22.170000
22.530000
22.070000
21.590000
20.240000
19.500000
20.870000
20.590000
20.540000
22.040000
21.800000
22.420000
21.440000
20.400000
22.790000
25.720000
25.040000
24.250000
24.030000
24.720000
24.690000
26.200000
25.490000
25.930000
26.590000
24.960000
25.750000
24.960000
24.570000
23.980000
23.000000
22.850000
23.290000
23.180000
24.100000
23.550000
23.530000
23.560000
23.500000
23.230000
23.200000
22.760000
21.470000
19.780000
19.950000
20.890000
20.660000
20.940000
20.730000
21.660000
21.320000
20.040000
20.310000
20.470000
19.880000
20.440000
20.330000
20.190000
21.670000
22.490000
22.260000
23.990000
23.750000
23.340000
23.540000
23.250000
23.900000
23.840000
23.190000
22.030000
22.700000
21.140000
22.540000
24.360000
24.850000
23.960000
25.100000
20.790000
19.960000
19.980000
19.540000
19.090000
18.470000
18.590000
18.960000
18.930000
18.790000
19.060000
19.820000
19.500000
19.130000
19.250000
18.900000
19.050000
19.020000
19.090000
18.730000
18.440000
18.650000
18.070000
18.120000
17.920000
18.210000
17.810000
18.570000
18.920000
18.400000
17.830000
17.830000
18.550000
18.250000
18.550000
17.720000
17.280000
17.370000
16.990000
16.280000
17.020000
15.680000
15.730000
16.450000
15.540000
15.150000
15.510000
15.510000
15.540000
15.050000
14.980000
15.880000
16.140000
16.200000
16.000000
16.820000
17.740000
18.010000
17.990000
18.010000
16.990000
18.000000
18.300000
19.020000
18.140000
18.950000
19.190000
18.670000
17.630000
17.600000
17.560000
18.590000
18.570000
19.070000
19.570000
19.590000
18.710000
18.710000
18.750000
19.370000
19.610000
19.450000
18.970000
20.000000
19.530000
19.680000
19.840000
21.370000
21.000000
20.530000
20.420000
21.300000
21.050000
22.400000
23.760000
22.780000
22.540000
22.540000
21.780000
21.490000
21.000000
20.390000
20.620000
21.010000
21.620000
20.670000
21.000000
21.360000
21.490000
22.070000
22.430000
21.900000
23.300000
23.580000
23.690000
22.900000
22.610000
21.650000
21.230000
21.050000
21.150000
21.700000
20.780000
22.480000
22.170000
21.820000
23.020000
23.210000
23.250000
23.270000
23.070000
24.090000
24.720000
24.410000
25.350000
25.450000
24.670000
24.300000
24.030000
24.980000
24.710000
25.010000
24.600000
23.900000
22.620000
23.130000
21.500000
22.740000
23.810000
23.670000
21.960000
21.700000
23.450000
24.290000
23.530000
24.070000
24.380000
24.660000
25.060000
24.720000
24.490000
24.430000
24.950000
24.740000
24.850000
24.920000
24.270000
24.090000
23.350000
23.460000
23.470000
23.670000
24.460000
24.070000
23.750000
24.900000
24.740000
24.560000
24.100000
24.660000
24.860000
25.060000
25.000000
25.740000
26.110000
25.410000
24.980000
24.530000
24.250000
23.770000
24.120000
23.010000
23.960000
24.270000
23.980000
23.690000
23.510000
22.650000
22.470000
24.370000
24.190000
23.320000
23.940000
25.610000
25.280000
25.210000
25.010000
24.740000
23.460000
24.320000
25.180000
24.150000
23.980000
23.980000
24.200000
23.300000
22.910000
22.780000
22.720000
22.160000
21.400000
21.480000
20.460000
20.090000
19.540000
20.100000
20.540000
20.150000
17.120000
17.110000
16.850000
17.270000
17.140000
16.550000
17.060000
17.720000
17.060000
16.940000
17.550000
18.740000
18.010000
17.530000
17.320000
18.300000
17.500000
18.230000
17.860000
15.630000
14.990000
14.960000
14.920000
14.470000
15.200000
14.360000
14.340000
15.020000
15.430000
15.260000
14.800000
14.450000
13.990000
14.740000
15.030000
15.300000
15.000000
14.990000
14.590000
15.170000
15.610000
15.810000
15.980000
15.910000
16.120000
15.970000
15.730000
15.530000
14.850000
14.700000
14.700000
14.750000
14.050000
14.480000
14.180000
14.380000
14.370000
14.330000
14.290000
14.140000
14.170000
14.500000
14.800000
15.020000
14.580000
14.870000
14.850000
14.640000
14.930000
14.700000
14.720000
14.500000
14.510000
14.170000
14.300000
14.030000
13.770000
13.690000
13.600000
14.120000
14.510000
14.770000
15.160000
14.560000
14.110000
14.340000
14.560000
14.700000
14.880000
14.690000
15.420000
15.610000
15.440000
15.980000
16.070000
16.360000
16.890000
16.900000
17.220000
16.000000
15.840000
15.160000
15.640000
15.590000
16.300000
15.950000
15.650000
15.270000
15.530000
16.350000
16.010000
15.970000
15.410000
15.720000
15.500000
15.180000
15.160000
14.970000
14.630000
14.950000
14.750000
15.280000
15.490000
15.190000
14.790000
14.850000
15.080000
14.570000
14.200000
14.140000
14.490000
14.360000
14.400000
14.060000
14.070000
14.330000
14.800000
14.900000
14.900000
14.850000
14.550000
14.680000
14.720000
14.630000
14.610000
14.430000
14.620000
14.100000
14.020000
13.880000
14.170000
13.800000
14.130000
14.580000
14.580000
14.320000
14.360000
14.660000
14.600000
14.450000
14.430000
14.150000
14.350000
14.350000
14.390000
14.540000
14.670000
15.270000
14.850000
14.770000
15.000000
14.740000
15.020000
14.500000
14.860000
15.010000
14.650000
14.560000
14.620000
14.560000
14.530000
14.370000
14.230000
14.220000
14.720000
14.780000
15.010000
15.000000
14.950000
14.910000
15.000000
14.370000
14.550000
14.410000
14.490000
14.570000
14.140000
14.160000
14.600000
14.460000
14.410000
14.490000
14.450000
14.190000
14.370000
13.200000
13.580000
13.390000
13.240000
13.120000
13.140000
13.510000
13.580000
13.440000
13.350000
13.860000
14.060000
14.220000
14.360000
14.450000
16.090000
17.500000
17.650000
18.000000
18.300000
18.560000
18.670000
18.550000
18.730000
18.800000
18.100000
17.790000
17.850000
18.240000
18.320000
18.880000
18.280000
18.100000
17.950000
17.450000
17.310000
17.600000
17.640000
17.150000
16.790000
17.180000
17.450000
17.770000
17.420000
18.270000
18.190000
19.120000
19.140000
19.200000
19.060000
18.780000
19.090000
19.290000
18.730000
19.060000
19.090000
19.270000
19.130000
19.870000
20.400000
19.890000
19.580000
19.850000
19.900000
19.610000
19.870000
20.900000
20.859000
20.610000
20.800000
20.790000
20.510000
21.540000
20.990000
20.720000
20.280000
21.080000
20.730000
21.210000
20.380000
19.630000
19.930000
19.640000
19.660000
19.700000
20.180000
19.970000
19.710000
20.340000
20.320000
21.010000
21.680000
20.880000
20.860000
21.050000
21.480000
22.190000
22.610000
22.850000
22.950000
22.830000
22.500000
22.740000
22.370000
22.180000
22.560000
23.100000
22.210000
22.360000
22.120000
22.880000
22.580000
22.080000
22.430000
21.320000
20.430000
20.690000
21.300000
20.720000
20.790000
20.570000
21.690000
22.290000
23.220000
23.060000
23.450000
23.680000
24.350000
24.550000
24.820000
23.250000
22.750000
23.220000
23.180000
22.760000
22.990000
22.600000
22.600000
23.720000
23.690000
23.090000
22.890000
23.150000
22.910000
23.030000
23.120000
22.500000
21.900000
21.540000
22.330000
22.420000
21.460000
21.130000
20.410000
20.419900
20.375000
20.280000
21.150000
20.680000
20.720000
20.910000
21.710000
21.540000
21.030000
21.150000
20.850000
21.050000
20.450000
20.380000
21.210000
20.890000
20.170000
20.120000
19.880000
20.040000
19.700000
19.850000
19.810000
20.410000
20.780000
21.150000
21.280000
21.370000
21.280000
22.170000
22.090000
22.590000
23.360000
23.000000
23.730000
24.120000
24.200000
22.850000
22.720000
22.730000
22.610000
22.180000
22.560000
23.010000
23.070000
22.520000
22.680000
22.560000
22.320000
22.260000
21.790000
22.420000
22.710000
22.667000
22.980000
23.800000
23.730000
23.000000
23.160000
23.260000
22.470000
22.400000
22.190000
22.360000
22.810000
23.040000
23.920000
24.020000
23.810000
23.920000
25.160000
26.740000
26.000000
27.100000
27.680000
27.150000
27.560000
26.450000
25.820000
26.190000
25.670000
25.860000
25.860000
25.290000
25.500000
26.870000
27.040000
27.910000
27.920000
27.040000
27.110000
27.500000
28.320000
27.830000
27.310000
27.530000
28.040000
26.930000
26.640000
29.300000
29.180000
28.350000
27.730000
27.730000
27.780000
27.700000
27.130000
26.940000
26.450000
26.770000
25.780000
26.070000
26.140000
26.650000
26.580000
26.670000
26.280000
27.140000
27.300000
27.190000
27.060000
26.640000
27.060000
26.470000
26.710000
27.110000
27.340000
28.410000
28.510000
28.170000
28.060000
28.060000
28.920000
28.400000
28.780000
29.810000
30.350000
30.200000
30.740000
30.120000
30.690000
32.740000
32.810000
32.910000
32.330000
33.000000
33.700000
33.180000
33.700000
32.490000
32.500000
32.540000
32.300000
31.080000
30.950000
30.390000
30.140000
30.030000
29.140000
29.220000
29.580000
32.930000
32.200000
31.970000
32.200000
31.620000
31.680000
30.700000
31.260000
32.430000
32.270000
32.640000
32.340000
31.580000
31.290000
31.790000
31.390000
29.780000
30.300000
31.520000
31.010000
30.370000
30.840000
30.780000
30.870000
31.740000
30.710000
30.800000
31.080000
31.950000
33.050000
34.660000
34.350000
34.120000
34.490000
35.860000
35.660000
35.230000
35.760000
36.350000
35.700000
35.870000
35.590000
35.490000
35.200000
36.350000
37.140000
37.710000
38.010000
36.920000
37.270000
37.290000
37.530000
38.040000
38.680000
38.750000
38.670000
38.790000
39.370000
40.640000
39.620000
39.060000
38.590000
38.290000
39.750000
44.980000
45.500000
47.750000
47.420000
47.470000
47.940000
47.410000
47.550000
47.970000
50.300000
52.190000
52.400000
52.450000
53.500000
55.310000
54.450000
54.720000
54.380000
54.050000
54.750000
55.300000
55.500000
55.240000
54.935000
54.900000
55.390000
55.170000
61.350000
61.270000
64.050000
64.550000
68.440000
67.050000
67.790000
65.210000
62.680000
65.780000
62.890000
63.280000
63.990000
65.150000
64.910000
65.290000
65.260000
66.596000
64.990000
62.720000
63.690000
63.750000
64.010000
63.160000
64.180000
64.440000
64.800000
64.400000
63.290000
63.940000
64.500000
64.550000
69.250000
68.960000
64.560000
65.460000
69.800000
70.200000
70.650000
69.880000
70.460000
70.490000
70.760000
72.050000
72.250000
72.640000
73.980000
76.900000
77.530000
79.630000
77.810000
78.840000
78.940000
80.900000
78.740000
78.360000
81.210000
84.630000
88.410000
90.130000
87.810000
86.810000
85.290000
88.230000
88.930000
88.990000
44.860000
44.500000
44.121000
41.790000
42.810000
42.750000
40.530000
39.350000
39.830000
40.270000
40.320000
40.960000
41.180000
42.250000
42.960000
43.700000
42.830000
42.550000
42.500000
42.530000
41.750000
42.800000
41.670000
40.890000
41.090000
41.890000
42.330000
43.560000
43.740000
41.920000
42.660000
41.040000
37.260000
35.350000
35.620000
37.090000
35.510000
37.140000
35.500000
36.980000
36.190000
35.950000
35.540000
36.060000
36.430000
36.210000
37.150000
36.680000
37.240000
36.970000
36.420000
35.610000
34.130000
34.770000
35.550000
35.360000
35.840000
37.550000
37.550000
39.760000
39.700000
39.780000
40.740000
40.560000
39.759300
40.300000
40.040000
38.240000
37.920000
36.540000
36.920000
37.650000
35.810000
35.900000
36.000000
37.130000
37.980000
38.310000
37.610000
37.860000
38.550000
38.890000
37.760000
37.100000
37.310000
36.370000
36.810000
36.500000
37.980000
37.390000
37.630000
38.250000
38.100000
38.240000
38.350000
40.750000
41.550000
41.490000
43.190000
43.630000
43.290000
44.000000
43.810000
43.630000
43.990000
43.800000
42.650000
42.750000
43.190000
43.220000
42.710000
42.990000
42.650000
43.820000
43.380000
44.000000
46.100000
47.680000
46.250000
47.150000
46.300000
45.830000
45.870000
45.740000
45.770000
46.060000
45.740000
45.840000
46.570000
46.890000
46.260000
46.220000
48.800000
48.680000
49.780000
51.310000
51.400000
50.820000
49.610000
49.870000
51.210000
52.640000
53.190000
52.110000
51.900000
53.200000
53.840000
53.440000
51.080000
52.340000
53.610000
54.440000
53.750000
52.780100
51.700000
51.300000
50.370000
51.590000
49.250000
53.740000
54.000000
53.440000
52.210000
54.940000
56.140000
55.660000
56.790000
56.100000
57.030000
55.410000
54.470000
57.590000
57.500000
59.950000
61.849900
61.150000
60.230000
59.900000
60.110000
61.180000
61.540000
61.450000
62.280000
64.950000
64.520000
64.560000
64.960000
66.520000
67.110000
69.340000
69.660000
68.100000
67.820000
71.600100
72.630000
71.820000
74.050000
73.950000
74.080000
74.330500
74.910000
74.980000
72.010000
72.180000
71.110000
71.380000
72.110000
73.500000
74.020000
73.350000
74.230000
73.570000
71.450000
71.890000
74.750000
74.970000
74.380000
76.300000
76.050000
80.860000
83.900000
84.291000
85.589900
84.710100
82.490100
79.035000
76.089000
77.670000
76.040000
74.200000
72.330000
72.030000
75.000000
75.510000
75.420000
72.100000
71.847000
67.300000
67.600000
68.810000
64.950000
67.310000
64.710000
67.645000
69.220000
70.570000
70.290000
69.080000
71.320000
71.750000
71.460000
70.990000
68.490000
69.100000
69.610000
67.720000
65.480000
66.310000
65.660000
63.930000
63.190000
65.680000
67.320000
66.230000
64.310000
64.660000
63.990000
61.810000
61.670000
60.160000
59.960000
59.510000
58.710000
62.330000
62.750000
62.720000
62.650000
61.170000
67.210000
71.240000
69.790000
68.670000
67.990000
66.710000
66.469000
64.811000
66.220000
65.650000
67.630000
67.040000
65.750000
66.170000
68.150000
69.360000
70.390000
69.600000
71.620000
71.140000
71.130000
71.890000
71.890000
71.030000
70.600000
68.150000
67.700000
67.790000
64.980000
65.260000
63.180000
64.510000
63.380000
63.150000
63.340000
64.330000
63.549000
61.220000
59.770000
62.170000
61.660000
60.000000
59.723000
58.565000
60.760000
59.520000
57.000000
58.330000
57.610000
59.380000
57.560000
57.200000
57.470000
57.860000
59.580000
58.830000
58.990000
57.430000
56.020000
58.970000
57.270000
57.950000
57.001500
55.770000
55.400000
55.000000
55.650000
52.960000
52.250000
50.670000
52.370000
52.900000
54.100000
60.500000
60.720000
61.420000
61.928000
63.870000
63.400000
65.590000
67.960000
67.180000
68.160000
69.590000
68.300000
67.210000
64.780000
63.590000
64.070000
63.650000
63.940000
66.450000
67.980000
67.590000
67.910000
66.560000
67.620000
67.310000
67.810000
68.750000
66.980000
66.480000
66.960000
67.850000
68.380000
71.480000
70.030000
72.800000
72.520000
72.500000
72.630000
74.200000
74.170000
74.100000
73.890000
73.770000
75.260000
74.650000
73.000000
75.750000
77.610000
76.410000
77.010000
76.980000
74.860000
74.070000
75.380000
74.830000
74.220000
74.630000
73.810000
73.230000
75.260000
75.020000
75.400000
74.290000
74.530000
78.990000
79.950000
81.460000
81.050000
81.680000
82.190000
80.410000
80.420000
81.080000
79.160000
78.980000
78.290000
79.710000
80.510000
82.450000
83.340000
83.120000
84.350000
85.000000
84.050000
85.610000
85.850000
86.470000
88.600000
90.310000
91.630000
89.540000
91.810000
91.800000
91.660000
91.320000
91.120000
91.270000
89.830000
87.040000
88.260000
88.750000
86.140000
89.050000
88.550000
87.720000
85.470000
86.310000
84.760000
82.900000
82.200000
81.510000
81.520000
80.870000
84.840000
83.800000
85.660000
85.050000
85.470000
92.570000
97.000000
95.800000
94.620000
97.100000
94.950000
89.070000
88.500000
86.790000
85.700000
86.700000
86.250000
85.380000
85.940000
85.550000
85.730000
84.740000
84.750000
83.940000
84.150000
86.150000
86.180000
83.270000
84.880000
84.700000
85.300000
85.210000
84.830000
85.900000
89.200000
89.510000
89.070000
88.650000
83.930000
84.610000
87.060000
85.410000
86.319900
88.190000
87.720000
88.000000
87.970000
89.870000
88.400000
90.000000
89.570000
89.590000
91.130000
91.480000
93.870000
93.960000
93.520000
95.850000
95.460000
93.240000
93.750000
92.910000
93.650000
94.500000
94.270000
94.680000
93.650000
94.250000
92.590000
92.190000
90.240000
91.430000
90.350000
90.400000
90.270000
90.970000
93.510000
93.240000
95.348000
98.840000
99.920000
99.800000
99.470000
100.390000
100.400000
100.810000
103.920000
105.060000
106.880000
107.340000
108.740000
109.360000
107.520000
107.340000
109.440000
110.020000
111.980000
113.540000
112.890000
110.690000
113.620000
114.350000
118.770000
121.191000
118.400000
121.330000
122.670000
123.640000
124.069000
124.490000
120.190000
120.380000
117.500000
118.750000
120.500000
125.090000
123.660000
121.550000
123.900000
123.000000
122.340000
119.650000
121.890000
120.560000
122.040000
121.260000
127.170000
132.750000
132.300000
130.330100
132.350000
132.390000
134.069900
137.730000
138.100000
138.909900
138.120000
140.000000
143.750000
143.700000
134.889900
137.260000
146.000000
143.850000
141.430000
131.760000
135.000000
136.490000
131.849900
135.250000
135.030100
134.010000
126.390000
125.000000
127.790000
124.030000
119.900000
117.050000
122.060000
122.220000
127.570000
132.510000
131.070000
135.300000
132.250000
126.820000
134.080000
136.250000
138.480000
144.160000
136.760000
135.010000
131.770000
136.710000
135.490000
136.850000
137.200000
138.810000
138.410000
140.920000
140.769900
140.310000
144.150000
148.280000
153.180000
152.770000
154.500000
153.470000
156.339000
158.450000
157.920100
156.240000
161.449900
167.910000
167.860000
166.790000
162.230000
167.253700
166.980000
169.580000
172.750000
173.500000
170.420000
174.360000
186.160000
185.930000
182.780000
184.700000
185.090000
187.000000
189.950000
187.440000
187.870000
186.180000
191.790000
186.299900
175.466300
165.370000
153.760000
169.960000
166.110000
164.300000
166.390000
163.950000
168.850000
168.460000
171.540000
172.541900
174.810000
180.220000
184.290000
182.220000
178.860000
179.810000
185.500000
189.952800
194.300000
194.210000
188.540400
190.860000
191.830000
190.390000
184.400000
182.980000
183.120000
187.210000
193.910000
198.800000
198.950000
198.570000
199.830000
198.080000
194.840000
194.930000
180.050000
177.640000
171.250000
179.400000
178.020000
172.690000
178.780000
169.040000
159.640000
160.890000
161.360000
155.640000
139.072000
135.600000
130.010000
130.010000
131.540000
132.180000
135.360000
133.750000
131.650000
129.360000
122.000000
121.240000
125.480000
129.450000
124.860000
129.400000
127.460000
124.630000
122.180000
123.820000
121.540000
119.460000
119.740000
119.150000
122.960000
129.910000
125.020000
121.730000
124.620000
124.489900
120.930000
122.250000
119.690000
127.350100
126.030000
127.940000
126.610000
126.730000
132.820000
129.670000
133.270000
139.530000
140.980000
145.060000
140.250000
143.010000
143.500000
149.530100
147.490000
151.610000
153.080000
155.890000
152.840000
151.440000
154.550000
147.140000
147.780000
148.380000
153.700000
154.490000
161.040000
168.160000
160.200000
162.890000
168.940000
169.730000
172.240000
175.050000
173.950000
180.000000
180.940000
184.730000
186.660000
182.590000
185.060000
183.450000
188.160000
189.960000
186.260000
189.730000
187.620100
183.600000
185.900000
178.190000
177.050000
181.170000
186.430000
187.010000
186.690000
188.750000
186.100000
185.370000
185.190000
189.430000
185.640000
181.610000
185.640000
180.810000
173.260000
172.370000
176.840000
181.430000
178.750000
180.900000
175.270000
173.160000
173.250000
177.390000
168.260000
170.090000
167.440000
174.680000
168.180000
170.120000
175.160000
179.550000
174.250000
176.630000
172.580000
173.880000
169.640000
172.810000
171.810000
165.150000
166.290000
162.020000
166.260000
159.030000
162.120000
154.400000
157.080000
159.880000
158.950000
156.660000
153.230000
160.640000
164.190000
163.570000
169.550000
173.560000
176.730000
179.300000
179.320000
175.740000
175.390000
173.530000
175.840000
174.290000
176.790000
172.550000
173.640000
174.670000
173.740000
169.530000
166.190000
166.960000
161.220000
160.180000
157.920000
151.680000
151.610000
152.650000
148.940000
140.360000
139.880000
127.830000
134.090000
140.910000
131.050000
126.840000
128.710000
131.930000
128.240000
105.260000
113.660000
109.120000
100.100000
97.070000
98.140000
89.160000
89.790000
88.740000
96.800000
110.260000
104.080000
97.950000
101.890000
97.400000
98.440000
91.490000
96.870000
98.230000
96.380000
92.090000
99.910000
104.550000
111.040000
107.590000
106.960000
110.990000
103.300000
99.100000
98.240000
95.880000
94.770000
90.120000
96.440000
90.240000
88.140000
89.910000
86.290000
80.490000
82.580000
92.950000
90.800000
95.000000
92.670000
88.930000
92.470000
95.900000
91.410000
94.000000
99.720000
100.060000
98.210000
95.000000
98.270000
94.750000
95.430000
89.160000
89.430000
90.000000
85.740000
86.380000
85.040000
85.810000
86.610000
86.290000
85.350000
90.750000
94.580000
93.020000
91.010000
92.700000
90.580000
88.660000
87.710000
85.330000
83.380000
82.330000
78.200000
82.830000
88.360000
88.360000
89.640000
90.730000
94.200000
93.000000
90.130000
91.510000
92.980000
93.550000
96.460000
99.720000
102.510000
97.830000
96.820000
99.270000
99.160000
94.530000
94.370000
90.640000
91.200000
86.950000
90.250000
91.160000
89.190000
89.310000
87.940000
88.370000
91.170000
88.840000
85.300000
83.110000
88.627500
92.680000
96.350000
95.930000
95.420000
99.660000
101.520000
101.620000
101.590000
107.660000
106.830000
106.490000
109.870000
106.850000
104.490000
105.120000
108.690000
112.710000
115.990000
118.450000
115.000000
116.320000
119.570000
120.220000
118.310000
117.640000
121.450000
123.420000
120.500000
121.760000
121.510000
125.400000
123.900000
124.730000
123.902000
125.140000
125.830000
127.240000
132.070000
132.710000
132.500000
129.060000
129.190000
129.570000
124.420000
119.490000
122.950000
122.420000
126.650000
127.450000
125.870000
124.180000
122.500000
130.780000
133.050000
135.070000
135.810000
139.350000
139.490000
140.950000
143.740000
144.670000
143.850000
142.720000
140.250000
139.950000
136.970000
136.090000
136.350000
135.580000
135.880000
139.480000
137.370000
134.010000
136.220000
139.860000
142.440000
141.970000
142.430000
142.830000
140.020000
138.610000
135.400000
137.220000
136.360000
138.520000
142.340000
142.270000
146.880000
147.520000
151.750000
152.909000
151.510000
156.740000
157.820000
159.986000
160.100000
160.000000
160.030000
162.790000
163.390000
166.430000
165.550000
165.110000
163.910000
165.510000
164.720000
162.830000
165.310000
168.420000
166.780000
159.590000
164.000000
164.600000
166.330000
169.220000
169.060000
169.400000
167.410000
169.450000
170.050000
168.210000
165.298000
165.180000
166.550000
170.310000
172.930000
171.140000
172.560000
172.160000
173.720000
175.160000
181.870000
184.550000
185.020000
184.020000
184.480000
185.500000
183.820000
182.370000
186.151900
185.380000
185.350000
180.859900
184.900000
186.024000
190.010000
190.250000
189.270000
190.470000
190.810000
190.020000
191.290000
190.560000
188.050000
189.860000
198.760000
204.920000
205.200000
203.940000
202.480000
197.370000
192.400000
196.350000
188.500000
189.310000
188.750000
190.810000
194.030100
194.340000
201.460000
202.980000
203.250000
201.990000
204.450000
206.630000
207.000000
205.960000
200.510000
199.920000
205.880000
204.440000
204.190000
200.590000
199.910000
196.970000
196.230000
196.480000
193.320000
188.950000
189.870000
197.800000
196.430000
194.670000
196.980000
194.170000
195.030000
191.860000
195.430000
198.230000
200.360000
202.100000
209.040000
211.610000
209.100000
211.640000
210.732000
214.010000
214.380000
210.970000
210.580000
211.980000
210.110000
207.720000
210.650000
209.430000
205.930000
215.040000
211.725000
208.072000
197.750000
203.075000
205.940000
207.884000
199.290000
192.063000
194.730000
195.860000
199.230000
192.050000
195.460000
194.120000
196.190000
195.116000
198.670000
200.380000
203.400000
202.550000
202.928000
201.670000
200.416000
197.059000
200.656000
202.000000
204.620000
208.990000
208.850000
209.330000
210.710000
218.950000
219.080000
223.020000
224.840000
225.500000
226.600000
223.840000
224.450000
224.120000
224.650000
222.249900
224.750000
228.360000
229.370000
226.650000
230.900000
232.390000
235.845000
235.000000
235.970000
238.490000
239.540000
240.600000
239.950000
241.790000
242.290000
242.430000
245.690000
248.920000
247.400000
247.070000
244.590000
259.220000
266.469500
270.830000
269.500000
262.040000
261.600000
268.640000
261.090000
266.350000
258.680000
255.985000
246.250000
235.860000
253.990000
256.520000
262.090000
258.360000
253.820000
254.220000
252.360000
248.340000
237.760000
242.320000
246.760000
245.220000
244.109000
253.350000
256.880000
260.830000
263.950000
263.120000
255.965000
250.940000
249.330000
243.200000
250.510000
253.510000
254.280000
259.690000
267.250000
271.870000
274.074000
270.170000
273.850000
270.970000
269.000000
266.700000
268.300000
256.170000
251.530000
248.480000
246.940000
248.630000
258.665000
258.090000
259.620000
257.285000
251.798000
252.727000
251.450000
249.900000
245.580000
251.890000
254.240000
259.024000
259.940000
259.280000
264.080000
260.960000
258.110000
257.250000
261.850000
261.930000
262.980000
261.700000
260.091000
261.750000
259.410000
250.190000
251.790000
249.100000
247.640000
251.970000
253.070000
249.880000
249.640000
245.800000
239.930000
242.890000
240.280000
241.620000
242.500000
243.100000
250.330000
252.170000
258.770000
257.810000
262.920000
263.070000
263.410000
267.040000
268.060000
270.220000
276.570000
275.370000
283.230000
283.770000
287.750000
288.920000
292.320000
291.164000
286.860000
287.370000
283.750000
282.520000
278.640000
288.940000
289.190000
289.220000
294.070000
295.360000
298.540000
300.140000
302.310000
314.740000
318.000000
309.490000
310.530000
309.520000
307.470000
308.840000
308.050000
307.830000
305.240000
300.980000
304.180000
309.360000
312.800000
318.270000
317.130000
318.620000
316.080000
318.030000
316.655000
308.030000
307.035000
301.590000
300.500000
308.430000
306.730000
313.360000
308.730000
314.795000
315.000000
316.870000
311.150000
316.400000
318.150000
317.440000
320.150000
318.210000
321.010000
319.757500
320.560000
321.670000
320.290000
320.360000
321.250000
320.610000
322.210000
324.205000
325.160000
323.600000
324.680000
325.470000
325.290000
323.660000
322.560000
329.570000
331.290000
334.000000
333.730000
336.120000
342.455000
341.640000
344.420000
345.680000
348.480000
340.650000
338.840000
332.680000
326.720000
337.450000
341.400000
343.850000
343.210000
336.100000
339.320000
345.030000
344.320000
343.440000
346.500000
351.880000
355.200000
358.160000
354.540000
356.850000
359.180000
359.900000
363.130000
358.300000
350.560000
338.610000
342.620000
342.880000
348.160000
353.210000
349.310000
352.120000
359.560000
360.000000
355.360000
355.760000
352.470000
346.670000
351.990000
353.560000
345.430000
330.010000
334.640000
330.670000
339.300000
341.200000
339.190000
344.970000
351.540000
350.440000
350.960000
348.630000
348.507500
344.560000
341.190000
338.890000
338.040000
338.080000
335.060000
330.800000
332.400000
336.130000
332.420000
327.460000
331.850000
337.860000
342.410000
350.696000
353.009000
350.420000
350.150000
346.750000
350.130000
346.280000
348.200000
349.570000
346.750000
346.660000
347.600000
349.450000
347.230000
346.570000
340.500000
333.300000
336.140000
339.870000
340.530000
335.220000
334.400000
332.190000
336.780000
335.000000
337.410000
347.830000
345.510000
346.102000
343.440000
338.040000
332.040000
332.240000
331.490000
325.900000
326.600000
332.440000
326.750000
325.160000
320.260000
315.320000
325.300000
322.610000
331.230000
326.350000
332.040000
335.260000
334.040000
335.670000
343.260000
349.430000
351.760000
357.200000
359.710000
354.000000
353.750000
358.020000
357.770000
364.920000
373.800000
376.850000
386.900000
387.290000
393.300000
398.500000
403.410000
392.590000
391.820000
390.480000
396.750000
388.910000
392.570000
377.370000
373.620000
353.210000
374.010000
363.690000
373.700000
376.990000
383.410000
380.480000
380.440000
366.050000
356.030000
356.440000
373.600000
376.180000
373.720000
383.580000
389.970000
389.990000
384.830000
381.030000
374.050000
379.740000
383.930000
384.140000
377.480000
379.940000
384.620000
389.300000
392.960000
400.500000
411.630000
413.450000
412.140000
401.820000
404.300000
403.170000
399.260000
397.010000
390.570000
381.320000
374.600000
372.500000
378.250000
377.370000
369.800000
388.810000
400.290000
402.190000
408.430000
422.000000
419.990000
422.240000
398.620000
395.310000
392.870000
405.770000
397.770000
400.600000
404.690000
404.950000
404.780000
396.510000
397.410000
403.070000
400.240000
399.730000
406.230000
395.280000
385.220000
384.620000
379.260000
388.830000
384.770000
377.410000
374.940000
369.010000
376.510000
366.990000
363.570000
376.120000
373.200000
382.200000
387.930000
389.700000
393.010000
390.950000
389.090000
390.660000
393.620000
391.840000
388.810000
380.190000
378.940000
381.020000
382.210000
395.950000
396.445000
398.550000
403.330000
406.530000
402.640000
405.120000
405.000000
411.230000
413.440000
418.030000
422.400000
421.730000
423.240000
422.550000
421.390000
419.810000
424.700000
429.110000
427.750000
420.300000
427.409000
420.410000
446.660000
444.630000
447.280000
453.010000
456.480000
456.190000
455.120000
459.680000
463.970000
468.830000
476.680000
493.170000
493.420000
502.600000
509.460000
497.670000
502.210000
502.120000
514.850000
513.040000
516.390000
522.410000
525.760000
535.410000
542.440000
544.470000
545.180000
533.160000
530.260000
530.690000
541.990000
545.170000
552.000000
568.100000
589.580000
585.560000
585.570000
601.100000
605.960000
602.500000
599.340000
596.050000
606.980000
614.480000
617.620000
609.860000
599.550000
618.630000
629.320000
624.310000
633.680000
636.230000
628.440000
626.200000
622.770000
605.230000
580.130000
609.700000
608.340000
587.440000
572.980000
571.700000
560.280000
610.000000
607.700000
603.000000
583.980000
582.130000
585.980000
581.820000
565.250000
569.480000
568.180000
569.180000
570.520000
566.710000
558.220000
553.170000
546.075000
530.120000
530.380000
561.280000
556.970000
570.560000
565.320000
562.290000
572.270000
579.170000
577.730000
560.990000
564.290000
562.830000
571.460000
571.720000
580.320000
571.170000
576.160000
572.160000
571.530000
574.130000
585.780000
587.410000
585.741000
577.670000
582.100000
570.765000
572.025000
574.500000
569.050000
584.000000
592.520000
599.410000
609.940000
605.880000
613.890000
608.210000
604.430000
598.900000
604.970000
606.910000
606.940000
606.260000
614.320000
604.300000
603.830000
600.920000
574.970000
574.880000
585.160000
595.030000
610.760000
606.810000
607.790000
615.700000
622.550000
620.914000
619.860000
620.730000
621.700000
630.000000
631.690000
630.830000
636.340000
648.110000
665.150000
656.062000
668.870000
662.630000
663.222000
675.680000
674.800000
673.466000
663.868000
665.240000
674.970000
670.230000
676.270000
680.440000
662.740000
660.590000
669.790000
682.980000
691.280000
699.781000
701.910000
702.100000
698.700000
700.095000
690.790000
673.540000
665.180000
681.320000
667.105000
659.390000
661.310000
671.450000
666.800000
652.590000
638.170000
635.850000
640.910000
628.100000
629.714000
634.760000
649.792500
644.613600
632.640000
609.840000
634.030000
613.355400
616.830000
609.538000
604.000000
595.320000
596.539900
576.800000
584.621100
582.849500
558.001900
537.750000
547.060000
542.830000
542.898000
536.880000
525.620000
527.678000
565.730000
560.913400
561.700000
571.500000
589.530000
584.780000
582.940000
589.360000
585.280000
586.190000
575.845400
538.792300
547.244500
533.250000
529.820900
541.388000
539.000000
529.690000
509.794000
518.830000
533.900000
526.310000
521.730200
519.330000
520.168000
512.999500
515.060000
509.589200
532.172900
549.030000
542.095900
527.000000
523.900000
525.310000
517.100000
523.510000
520.300000
501.750000
485.920000
506.090000
502.680000
500.000000
504.770000
514.005000
450.500000
439.880000
449.830000
458.270000
456.830000
455.490000
453.620000
442.316000
457.844000
457.350000
468.220000
474.980000
479.930000
467.900000
467.010000
466.590000
460.160000
459.990000
448.850000
446.060000
450.810000
442.800000
448.970000
444.570000
441.400000
430.470000
420.050000
431.144000
425.662000
430.582000
431.720000
437.870000
428.430000
428.350000
432.500000
443.660000
455.720000
454.490000
452.080000
452.730000
461.910000
463.580000
461.136000
452.080000
442.660000
428.910000
429.792000
431.990000
427.720000
423.200000
426.210000
426.980000
435.690000
434.330000
429.800000
419.850000
426.240000
402.800000
392.050000
390.530000
398.670000
406.130000
405.462000
408.380000
417.205000
430.120000
442.780000
439.290000
445.520000
449.980000
460.710000
458.658000
463.840000
456.770000
452.970000
454.740000
443.860000
428.850000
434.578000
433.260000
442.930000
439.660000
441.354000
442.140000
445.150000
441.439000
444.950000
451.580000
449.735000
450.720000
449.310000
445.110000
438.460000
441.811000
438.890000
437.600000
432.190000
435.965000
430.050000
432.000000
431.770000
423.000000
416.838000
413.500000
402.540000
402.630000
398.070000
393.780000
396.530000
409.220000
418.490000
420.800000
417.420000
415.050000
422.350000
420.730000
427.288000
426.510000
427.440000
430.195000
430.310000
431.758000
424.950000
426.310000
418.990000
440.510000
438.500000
440.990000
447.790000
453.320000
452.530000
456.676000
462.540000
469.450000
465.250000
464.980000
461.010000
454.450000
467.360000
489.570000
498.500000
497.910000
502.330000
507.740000
501.070000
502.360000
502.960000
501.020000
502.970000
488.590000
490.896000
491.700000
487.216000
488.580000
498.691000
495.270000
498.220000
506.170000
494.640000
467.710000
472.690000
464.900000
450.120000
455.320000
464.680000
472.300000
467.410000
490.640000
489.100000
481.530000
486.220000
482.750000
476.750000
487.960000
489.560000
483.410000
483.030000
487.750000
480.940000
486.588000
489.638000
492.812000
496.040000
498.680000
501.114000
504.500000
508.890000
521.362000
519.867500
524.960000
531.910000
525.958000
529.876000
516.678000
524.896000
522.702000
520.030000
526.750000
525.449000
520.920000
512.492000
520.560000
519.048000
520.010000
520.634000
528.160000
524.991000
518.629000
519.550000
515.000000
521.136000
519.800000
523.740000
533.400000
545.960000
556.070000
551.230000
566.322000
565.000000
567.901000
560.020000
566.430000
565.550000
561.360000
560.540000
554.430000
557.500000
554.990000
550.770000
544.460000
549.020000
570.090000
567.670000
563.900000
560.090000
554.520000
561.020000
553.130000
540.980000
543.930000
540.037500
543.460000
536.519000
532.940000
535.730000
546.390000
557.360000
554.250000
540.670000
549.070000
551.510000
556.180000
546.070000
550.500000
506.500000
500.750000
499.782000
500.600000
501.530000
508.790000
512.590000
512.510000
519.680000
528.990000
535.960000
535.920000
544.430000
543.990000
545.990000
537.370000
531.150000
525.250000
527.550000
522.060000
517.350000
527.670000
526.240000
527.760000
531.240000
532.360000
530.750000
530.440000
530.920000
536.090000
536.610000
530.650000
524.690000
526.740000
531.400000
531.260000
528.700000
532.870000
539.190000
544.990000
539.780000
537.460000
536.860000
536.740000
541.650000
542.550000
538.790000
531.820000
523.470000
523.440000
530.320000
523.480000
519.610000
521.680000
517.959900
519.010000
524.940000
531.170000
531.699000
524.750000
567.770000
571.940000
594.090000
592.330000
590.090000
591.480000
592.580000
600.960000
594.410000
592.330000
587.990000
585.542500
592.830000
593.760000
593.870000
588.820000
597.510000
604.590000
604.710000
606.310000
607.270000
614.130000
625.630000
624.010000
635.380000
633.000000
628.650000
637.540000
644.820000
647.350000
645.570000
93.700000
94.250000
93.860000
92.290000
91.280000
92.200000
92.080000
92.180000
91.860000
90.910000
90.830000
90.280000
90.360000
90.900000
91.980000
92.930000
93.520000
93.480000
94.030000
95.968000
95.350000
95.390000
95.035000
95.220000
96.450000
95.320000
94.780000
93.089900
94.430000
93.939000
94.720000
97.190000
97.030000
97.671000
99.020000
98.380000
98.150000
95.600000
96.130000
95.590000
95.120000
94.960000
94.480000
94.740000
95.990000
95.970000
97.240000
97.500000
97.980000
99.160000
100.530000
100.570000
100.580000
101.320000
101.540000
100.889000
102.130000
102.250000
102.500000
103.300000
98.940000
98.120000
98.970000
98.360000
97.990000
101.000000
101.430000
101.660000
101.630000
100.860000
101.580000
101.790000
100.960000
101.060000
102.640000
101.750000
97.870000
100.750000
100.110000
100.750000
99.180000
99.900000
99.620000
99.620000
98.750000
100.800000
101.020000
100.730000
99.810000
98.750000
97.540000
96.260000
97.670000
99.760000
102.470000
102.990000
104.830000
105.220000
105.110000
106.740000
107.340000
106.980000
108.000000
109.400000
108.600000
108.860000
108.700000
109.010000
108.830000
109.700000
111.250000
112.820000
114.180000
113.990000
115.470000
114.670000
116.310000
116.470000
118.625000
117.600000
119.000000
118.930000
115.070000
114.630000
115.930000
115.490000
115.000000
112.400000
114.120000
111.950000
111.620000
109.730000
108.225000
106.745000
109.410000
112.650000
111.780000
112.940000
112.540000
112.010000
113.990000
113.910000
112.520000
110.380000
109.330000
106.250000
106.260000
107.750000
111.890000
112.010000
109.250000
110.220000
109.800000
106.820000
105.990000
108.720000
109.550000
112.400000
112.980000
113.100000
109.140000
115.310000
118.900000
117.160000
118.630000
118.650000
119.560000
119.940000
118.930000
119.720000
122.020000
124.880000
126.460000
127.080000
127.830000
128.715000
128.450000
129.495000
133.000000
132.170000
128.790000
130.415000
128.460000
129.090000
129.360000
128.540000
126.410000
126.600000
127.140000
124.510000
122.240000
124.450000
123.590000
124.950000
127.040000
128.470000
127.495000
125.900000
127.210000
126.690000
123.380000
124.240000
123.250000
126.370000
124.430000
124.250000
125.320000
127.350000
126.010000
125.600000
126.560000
127.100000
126.850000
126.300000
126.780000
126.170000
124.750000
127.600000
126.910000
128.620000
129.670000
130.280000
132.650000
130.560000
128.640000
125.150000
128.950000
128.700000
125.800000
125.010000
125.260000
127.620000
126.320000
125.865000
126.010000
128.950000
128.770000
130.190000
130.070000
130.060000
131.390000
132.540000
129.620000
132.045000
131.780000
130.280000
130.535000
129.960000
130.120000
129.360000
128.650000
127.800000
127.420000
128.880000
128.590000
127.170000
126.920000
127.600000
127.300000
127.880000
126.600000
127.610000
127.030000
128.110000
127.500000
126.750000
124.530000
125.425000
126.600000
126.440000
126.000000
125.690000
122.570000
120.070000
123.280000
125.660000
125.610000
126.820000
128.510000
129.620000
132.070000
130.750000
125.220000
125.160000
124.500000
122.770000
123.380000
122.990000
122.370000
121.300000
118.440000
114.640000
115.400000
115.130000
115.520000
119.720000
113.490000
115.240000
115.150000
115.960000
117.160000
116.500000
115.010000
112.650000
105.760000
103.120000
103.740000
109.690000
112.920000
113.290000
112.760000
107.720000
112.340000
110.370000
109.270000
112.310000
110.150000
112.570000
114.210000
115.310000
116.280000
116.410000
113.920000
113.450000
115.210000
113.400000
114.320000
115.000000
114.710000
112.440000
109.060000
110.300000
109.580000
110.380000
110.780000
111.310000
110.780000
109.500000
112.120000
111.600000
111.790000
110.210000
111.860000
111.040000
111.730000
113.770000
113.760000
115.500000
119.080000
115.280000
114.550000
119.270000
120.530000
119.500000
121.180000
122.570000
122.000000
120.920000
121.060000
120.570000
116.770000
116.110000
115.720000
112.340000
114.175000
113.690000
117.290000
118.780000
119.300000
117.750000
118.880000
118.030000
117.810000
118.300000
117.340000
116.280000
115.200000
119.030000
118.280000
118.230000
115.620000
116.170000
113.180000
112.480000
110.490000
111.340000
108.980000
106.030000
107.330000
107.230000
108.610000
108.030000
106.820000
108.740000
107.320000
105.260000
105.350000
102.710000
100.700000
96.450000
96.960000
98.530000
99.960000
97.390000
99.520000
97.130000
96.660000
96.790000
96.300000
101.420000
99.440000
99.990000
93.420000
94.090000
97.340000
96.430000
94.480000
96.350000
96.600000
94.020000
95.010000
94.990000
94.270000
93.700000
93.990000
96.640000
98.120000
96.260000
96.040000
96.880000
94.690000
96.100000
96.760000
96.910000
96.690000
100.530000
100.750000
101.500000
103.010000
101.870000
101.030000
101.120000
101.170000
102.260000
102.520000
104.580000
105.970000
105.800000
105.920000
105.910000
106.720000
106.130000
105.670000
105.190000
107.680000
109.560000
108.990000
109.990000
111.120000
109.810000
110.960000
108.540000
108.660000
109.020000
110.440000
112.040000
112.100000
109.850000
107.480000
106.910000
107.130000
105.970000
105.680000
105.080000
104.350000
97.820000
94.830000
93.740000
93.640000
95.180000
94.190000
93.240000
92.720000
92.790000
93.420000
92.510000
90.340000
90.520000
93.880000
93.490000
94.560000
94.200000
95.220000
96.430000
97.900000
99.620000
100.410000
100.350000
99.860000
98.460000
97.720000
97.920000
98.630000
99.030000
98.940000
99.650000
98.830000
97.340000
97.460000
97.140000
97.550000
95.330000
95.100000
95.910000
95.550000
96.100000
93.400000
92.040000
93.590000
94.400000
95.600000
95.890000
94.990000
95.530000
95.940000
96.680000
96.980000
97.420000
96.870000
98.790000
98.780000
99.830000
99.870000
99.960000
99.430000
98.660000
97.340000
96.670000
102.950000
104.340000
104.210000
106.050000
104.480000
105.790000
105.870000
107.480000
108.370000
108.810000
108.000000
107.930000
108.180000
109.480000
109.380000
109.220000
109.080000
109.360000
108.510000
108.850000
108.030000
107.570000
106.940000
106.820000
106.000000
106.100000
106.730000
107.730000
107.700000
108.360000
105.520000
103.130000
105.440000
107.950000
111.770000
115.570000
114.920000
113.580000
113.570000
113.550000
114.620000
112.710000
112.880000
113.090000
113.950000
112.180000
113.050000
112.520000
113.000000
113.050000
113.890000
114.060000
116.050000
116.300000
117.340000
116.980000
117.630000
117.550000
117.470000
117.120000
117.060000
116.600000
117.650000
118.250000
115.590000
114.480000
113.720000
113.540000
111.490000
111.590000
109.830000
108.840000
110.410000
111.060000
110.880000
107.790000
108.430000
105.710000
107.110000
109.990000
109.950000
110.060000
111.730000
111.800000
111.230000
111.790000
111.570000
111.460000
110.520000
109.490000
109.900000
109.110000
109.950000
111.030000
112.120000
113.950000
113.300000
115.190000
115.190000
115.820000
115.970000
116.640000
116.950000
117.060000
116.290000
116.520000
117.260000
116.760000
116.730000
115.820000
116.150000
116.020000
116.610000
117.910000
118.990000
119.110000
119.750000
119.250000
119.040000
120.000000
119.990000
119.780000
120.000000
120.080000
119.970000
121.880000
121.940000
121.950000
121.630000
121.350000
128.750000
128.530000
129.080000
130.290000
131.530000
132.040000
132.420000
132.120000
133.290000
135.020000
135.510000
135.345000
135.720000
136.700000
137.110000
136.530000
136.660000
136.930000
136.990000
139.790000
138.960000
139.780000
139.340000
139.520000
139.000000
138.680000
139.140000
139.200000
138.990000
140.460000
140.690000
139.990000
141.460000
139.840000
141.420000
140.920000
140.640000
140.880000
143.800000
144.120000
143.930000
143.660000
143.700000
144.770000
144.020000
143.660000
143.340000
143.170000
141.630000
141.800000
141.050000
141.830000
141.200000
140.680000
142.440000
142.270000
143.640000
144.530000
143.680000
143.790000
143.650000
146.580000
147.510000
147.060000
146.530000
148.960000
153.010000
153.990000
153.260000
153.950000
156.100000
155.700000
155.470000
150.250000
152.540000
153.060000
153.990000
153.800000
153.340000
153.870000
153.610000
153.670000
152.760000
153.180000
155.450000
153.930000
154.450000
155.370000
154.990000
148.980000
145.420000
146.590000
145.160000
144.290000
142.270000
146.340000
145.010000
145.870000
145.630000
146.280000
145.820000
143.730000
145.830000
143.680000
144.020000
143.500000
144.090000
142.730000
144.180000
145.060000
145.530000
145.740000
147.770000
149.040000
149.560000
150.080000
151.020000
150.340000
150.270000
152.090000
152.740000
153.460000
150.560000
149.500000
148.730000
150.050000
157.140000
155.570000
156.390000
158.810000
160.080000
161.060000
155.320000
157.480000
159.850000
161.600000
160.950000
157.860000
157.500000
157.210000
159.780000
159.980000
159.270000
159.860000
161.470000
162.910000
163.350000
164.000000
164.050000
162.080000
161.910000
161.260000
158.630000
161.500000
160.860000
159.650000
158.280000
159.880000
158.670000
158.730000
156.070000
153.390000
151.890000
150.550000
153.140000
154.230000
153.280000
154.120000
153.810000
154.480000
153.480000
155.390000
155.300000
155.840000
155.900000
156.550000
156.000000
156.990000
159.880000
160.470000
159.760000
155.980000
156.250000
156.170000
157.100000
156.410000
157.410000
163.050000
166.720000
169.040000
166.890000
168.110000
172.500000
174.250000
174.810000
176.240000
175.880000
174.670000
173.970000
171.340000
169.080000
171.100000
170.150000
169.980000
173.140000
174.960000
174.970000
174.090000
173.070000
169.480000
171.850000
171.050000
169.800000
169.640000
169.010000
169.320000
169.370000
172.670000
171.700000
172.270000
172.220000
173.970000
176.420000
174.540000
174.350000
175.010000
175.010000
170.570000
170.600000
171.080000
169.230000
172.260000
172.230000
173.030000
175.000000
174.350000
174.330000
174.290000
175.280000
177.090000
176.190000
179.100000
179.260000
178.460000
177.000000
177.040000
174.220000
171.110000
171.510000
167.960000
166.970000
167.430000
167.780000
160.500000
156.490000
163.030000
159.540000
155.150000
156.410000
162.710000
164.340000
167.370000
172.990000
172.430000
171.850000
171.070000
172.500000
175.500000
178.970000
178.390000
178.120000
175.000000
176.210000
176.820000
176.670000
175.030000
176.940000
179.980000
181.720000
179.970000
178.440000
178.650000
178.020000
175.300000
175.240000
171.270000
168.850000
164.940000
172.770000
168.340000
166.480000
167.780000
166.680000
168.390000
171.610000
172.800000
168.380000
170.050000
173.250000
172.440000
174.140000
174.730000
175.820000
178.240000
177.840000
172.800000
165.720000
165.240000
162.940000
163.650000
164.220000
162.320000
165.260000
169.100000
176.570000
176.890000
183.830000
185.160000
186.050000
187.360000
190.040000
188.590000
188.150000
186.440000
188.180000
186.990000
186.310000
187.630000
187.160000
188.360000
188.150000
188.580000
187.900000
187.500000
186.870000
190.240000
191.830000
193.310000
193.980000
193.460000
191.700000
191.230000
192.280000
190.700000
190.800000
188.840000
188.740000
185.690000
186.500000
185.460000
184.920000
182.170000
184.430000
184.160000
185.500000
185.110000
187.180000
183.920000
185.400000
187.970000
190.580000
190.350000
187.880000
191.030000
191.330000
190.910000
191.450000
190.400000
191.880000
191.440000
191.610000
193.000000
194.820000
194.210000
190.980000
189.910000
190.290000
201.500000
207.390000
207.990000
209.070000
207.110000
207.250000
208.880000
207.530000
208.870000
209.750000
210.240000
213.320000
217.580000
215.460000
215.040000
215.050000
215.490000
216.160000
217.940000
219.700000
222.980000
225.030000
227.630000
228.360000
226.870000
223.100000
221.300000
218.330000
223.850000
221.070000
226.410000
223.840000
217.880000
218.240000
218.370000
220.030000
217.660000
220.790000
222.190000
220.420000
224.950000
225.740000
227.260000
229.280000
232.070000
227.990000
224.290000
223.770000
226.870000
216.360000
214.450000
222.110000
217.360000
222.150000
221.190000
216.020000
219.310000
220.650000
222.730000
215.090000
219.800000
216.300000
212.240000
213.300000
218.860000
222.220000
207.480000
201.590000
203.770000
209.950000
208.490000
204.470000
194.170000
192.230000
186.800000
191.410000
193.530000
185.860000
176.980000
176.780000
172.290000
174.620000
174.240000
180.940000
179.550000
178.580000
184.820000
176.690000
174.720000
168.490000
169.600000
168.630000
169.100000
170.950000
165.480000
163.940000
166.070000
160.890000
156.830000
150.730000
146.830000
157.170000
156.150000
156.230000
157.740000
157.920000
142.190000
148.260000
147.930000
150.750000
153.310000
153.800000
152.290000
150.000000
153.070000
154.940000
155.860000
156.820000
153.300000
153.920000
152.700000
157.760000
156.300000
154.680000
165.250000
166.440000
166.520000
171.250000
174.180000
174.240000
170.940000
170.410000
169.430000
170.890000
170.180000
170.800000
170.420000
170.930000
172.030000
171.060000
172.970000
174.230000
174.330000
174.870000
173.150000
174.970000
175.850000
175.530000
174.520000
172.500000
172.910000
178.900000
180.910000
181.710000
183.730000
186.120000
188.020000
186.530000
188.160000
195.090000
191.050000
188.740000
186.790000
188.470000
188.720000
189.950000
191.240000
194.020000
195.350000
195.690000
197.000000
200.100000
199.500000
200.620000
198.950000
198.870000
199.230000
199.250000
203.130000
203.860000
204.530000
207.480000
207.160000
205.280000
204.300000
204.610000
200.670000
210.520000
209.150000
211.750000
208.480000
202.860000
202.900000
200.720000
197.180000
185.720000
188.660000
190.920000
190.080000
189.000000
183.090000
186.600000
182.780000
179.660000
178.970000
178.230000
177.380000
178.300000
175.070000
173.300000
179.640000
182.540000
185.220000
190.150000
192.580000
194.810000
194.190000
194.150000
192.740000
193.890000
198.450000
197.870000
199.460000
198.780000
198.580000
195.570000
199.800000
199.740000
197.920000
201.550000
202.730000
204.410000
204.230000
200.020000
201.240000
203.230000
201.750000
203.300000
205.210000
204.500000
203.350000
205.660000
202.590000
207.220000
208.840000
208.670000
207.020000
207.740000
209.680000
208.780000
213.040000
208.430000
204.020000
193.340000
197.000000
199.040000
203.430000
200.990000
200.480000
208.970000
202.750000
201.740000
206.500000
210.350000
210.360000
212.640000
212.460000
202.640000
206.490000
204.160000
205.530000
209.010000
208.740000
205.700000
209.190000
213.280000
213.260000
214.170000
216.700000
223.590000
223.085000
218.750000
219.900000
220.700000
222.770000
220.960000
217.730000
218.720000
217.680000
221.030000
219.890000
218.820000
223.970000
224.590000
218.960000
220.820000
227.010000
227.060000
224.400000
227.030000
230.090000
236.210000
235.870000
235.320000
234.370000
235.280000
236.410000
240.510000
239.960000
243.180000
243.580000
246.580000
249.050000
243.290000
243.260000
248.760000
255.820000
257.500000
257.130000
257.240000
259.430000
260.140000
262.200000
261.960000
264.470000
262.640000
265.760000
267.100000
266.290000
263.190000
262.010000
261.780000
266.370000
264.290000
267.840000
267.250000
264.160000
259.450000
261.740000
265.580000
270.710000
266.920000
268.480000
270.770000
271.460000
275.150000
279.860000
280.410000
279.740000
280.020000
279.440000
284.000000
284.270000
289.910000
289.800000
291.520000
293.650000
300.350000
297.430000
299.800000
298.390000
303.190000
309.630000
310.330000
316.960000
312.680000
311.340000
315.240000
318.730000
316.570000
317.700000
319.230000
318.310000
308.950000
317.690000
324.340000
323.870000
309.510000
308.660000
318.850000
321.450000
325.210000
320.030000
321.550000
319.610000
327.200000
324.870000
324.950000
319.000000
323.620000
320.300000
313.050000
298.180000
288.080000
292.650000
273.520000
273.360000
298.810000
289.320000
302.740000
292.920000
289.030000
266.170000
285.340000
275.430000
248.230000
277.970000
242.210000
252.860000
246.670000
244.780000
229.240000
224.370000
246.880000
245.520000
258.440000
247.740000
254.810000
254.290000
240.910000
244.930000
241.410000
262.470000
259.430000
266.070000
267.990000
273.250000
287.050000
284.430000
286.690000
282.800000
276.930000
268.370000
276.100000
275.030000
282.970000
283.170000
278.580000
287.730000
293.800000
289.070000
293.160000
297.560000
300.630000
303.740000
310.130000
315.010000
311.410000
307.650000
309.540000
307.710000
314.960000
313.140000
319.230000
316.850000
318.890000
