51.880000
46.690000
48.560000
45.500000
46.500000
51.750000
49.940000
50.190000
57.880000
54.500000
50.560000
51.810000
51.880000
52.190000
48.440000
49.000000
46.440000
46.310000
46.000000
45.310000
46.130000
46.060000
42.000000
33.880000
33.940000
36.500000
37.880000
37.130000
36.310000
37.000000
36.500000
36.060000
36.130000
35.060000
33.130000
35.060000
35.000000
42.630000
41.130000
41.750000
40.880000
40.310000
41.130000
38.750000
37.630000
36.060000
31.380000
30.000000
30.130000
30.250000
30.810000
31.500000
32.500000
33.810000
32.940000
30.880000
30.440000
33.690000
34.880000
37.560000
38.750000
38.250000
39.000000
37.500000
36.500000
38.810000
39.380000
39.940000
39.130000
39.630000
42.940000
41.500000
41.500000
45.690000
45.880000
43.500000
42.940000
42.380000
42.690000
42.440000
44.880000
43.630000
42.810000
40.750000
37.500000
40.060000
41.440000
40.380000
39.750000
37.880000
40.000000
38.440000
35.880000
35.060000
36.000000
33.560000
31.560000
30.060000
30.440000
27.810000
25.130000
28.440000
24.310000
21.940000
25.130000
27.750000
30.810000
30.000000
29.560000
31.880000
36.880000
35.630000
32.880000
36.630000
37.380000
39.750000
37.560000
36.560000
36.940000
33.880000
31.250000
30.060000
27.810000
28.940000
29.500000
27.810000
27.440000
25.810000
24.250000
25.190000
28.940000
28.000000
25.030000
26.940000
24.690000
24.630000
26.560000
25.380000
23.630000
21.380000
23.440000
25.310000
25.880000
23.750000
22.690000
22.880000
19.880000
18.250000
16.690000
15.190000
15.560000
16.940000
16.880000
17.380000
15.560000
13.880000
17.560000
15.500000
14.560000
14.940000
16.380000
16.500000
17.000000
17.690000
18.060000
18.380000
19.500000
19.940000
18.500000
18.950000
21.880000
19.000000
19.500000
20.130000
18.940000
17.310000
16.250000
14.380000
14.440000
15.810000
15.000000
14.380000
13.380000
14.500000
13.750000
14.440000
14.500000
13.690000
12.500000
11.940000
11.940000
11.810000
11.940000
11.750000
10.190000
10.440000
10.000000
12.630000
11.880000
12.250000
11.690000
12.250000
10.630000
11.000000
10.630000
10.880000
11.000000
10.500000
10.250000
10.000000
10.190000
10.190000
10.940000
11.640000
10.800000
10.000000
10.230000
9.100000
8.630000
8.400000
9.120000
8.370000
11.180000
12.010000
13.320000
14.670000
14.030000
14.740000
16.540000
15.990000
15.780000
16.200000
15.680000
16.090000
15.430000
15.270000
15.780000
16.890000
17.110000
16.750000
17.560000
16.920000
16.180000
15.010000
14.620000
14.680000
13.330000
13.540000
14.130000
14.780000
14.720000
16.380000
16.250000
15.600000
16.750000
17.090000
17.220000
15.660000
16.690000
16.950000
16.910000
16.440000
15.990000
16.130000
15.700000
14.860000
14.640000
14.120000
13.290000
12.490000
11.830000
11.360000
12.530000
13.080000
12.400000
12.810000
13.250000
14.040000
14.360000
14.150000
14.530000
14.130000
15.270000
15.270000
15.810000
15.610000
15.340000
16.490000
16.980000
16.010000
16.350000
15.960000
16.490000
16.980000
16.030000
12.060000
11.510000
12.330000
12.250000
12.550000
12.490000
12.500000
12.190000
12.150000
11.900000
11.600000
11.110000
10.460000
9.950000
10.120000
10.530000
10.080000
9.810000
9.990000
10.400000
9.890000
10.200000
9.630000
10.230000
10.130000
9.970000
9.190000
8.690000
8.940000
8.590000
7.650000
8.150000
8.510000
8.630000
7.490000
7.290000
7.310000
7.480000
7.480000
7.460000
7.090000
6.350000
6.200000
5.970000
6.010000
6.080000
6.760000
7.040000
7.200000
7.120000
6.910000
7.260000
7.850000
8.070000
8.880000
9.560000
8.920000
8.470000
8.010000
8.770000
9.550000
7.640000
7.770000
7.560000
7.050000
6.420000
6.980000
6.950000
6.710000
6.990000
7.050000
7.430000
6.970000
7.120000
7.050000
7.290000
9.490000
9.050000
8.950000
9.190000
8.600000
8.800000
9.080000
12.210000
11.480000
11.590000
11.150000
11.320000
10.490000
11.930000
11.760000
12.100000
11.710000
11.650000
12.240000
11.910000
10.890000
11.000000
10.810000
10.860000
10.710000
10.150000
10.000000
9.830000
11.100000
10.600000
10.900000
10.820000
10.960000
11.900000
12.250000
12.340000
11.850000
11.530000
11.040000
11.030000
10.110000
10.290000
9.130000
9.740000
10.160000
12.600000
12.470000
14.010000
14.440000
15.500000
14.220000
13.900000
14.190000
13.730000
12.530000
11.500000
11.260000
11.240000
12.520000
13.300000
12.900000
13.290000
13.880000
13.410000
13.010000
12.960000
13.260000
13.070000
13.730000
14.400000
14.270000
14.100000
15.390000
16.480000
15.970000
16.330000
15.620000
16.350000
16.710000
16.310000
15.740000
14.480000
14.030000
15.010000
14.660000
14.500000
15.170000
15.530000
14.740000
14.830000
14.250000
14.300000
14.800000
14.250000
13.670000
13.540000
13.500000
13.950000
13.600000
13.550000
12.740000
13.310000
13.890000
14.010000
14.820000
14.260000
14.530000
14.310000
14.060000
16.790000
16.820000
16.910000
16.180000
16.690000
16.490000
16.320000
16.050000
16.120000
16.110000
17.320000
17.730000
16.940000
17.320000
18.810000
19.940000
19.610000
19.160000
19.390000
18.760000
18.750000
19.450000
19.470000
19.060000
18.910000
18.370000
18.230000
17.960000
17.970000
17.990000
18.170000
18.580000
17.300000
17.140000
17.080000
17.430000
16.820000
18.410000
18.780000
18.300000
17.550000
17.530000
17.510000
15.340000
15.850000
15.860000
16.250000
13.550000
13.320000
14.250000
15.210000
14.940000
15.600000
14.960000
15.550000
15.430000
15.940000
16.290000
16.160000
15.550000
15.290000
15.500000
14.550000
14.100000
12.490000
12.930000
14.330000
14.770000
14.460000
14.160000
13.840000
12.870000
13.740000
13.600000
13.900000
14.260000
14.460000
13.930000
13.910000
14.620000
14.900000
15.500000
15.980000
15.380000
15.730000
15.170000
14.930000
14.520000
14.570000
15.140000
14.940000
14.600000
14.830000
14.250000
15.310000
16.510000
17.130000
17.110000
16.750000
16.610000
16.710000
17.350000
17.730000
17.210000
15.860000
16.050000
15.930000
15.730000
17.150000
17.010000
15.930000
16.950000
17.010000
16.750000
16.550000
16.640000
16.940000
16.860000
17.960000
18.460000
19.200000
18.940000
19.490000
18.740000
19.040000
19.260000
19.380000
19.750000
19.860000
19.300000
18.590000
18.570000
18.590000
19.350000
19.800000
18.780000
18.720000
19.340000
19.120000
19.510000
19.000000
19.820000
20.410000
21.210000
22.210000
22.420000
21.290000
22.900000
23.400000
23.990000
24.250000
23.400000
24.080000
23.350000
24.110000
23.740000
23.390000
22.580000
22.610000
21.680000
21.860000
22.120000
22.240000
22.180000
22.510000
22.460000
22.100000
21.690000
21.800000
22.240000
21.880000
20.300000
18.860000
19.250000
18.890000
19.570000
20.520000
20.700000
21.550000
21.020000
21.450000
21.320000
22.040000
22.740000
22.270000
21.800000
21.400000
21.080000
21.170000
21.790000
22.110000
21.780000
21.620000
21.620000
21.820000
21.850000
22.160000
22.050000
22.170000
22.090000
21.440000
21.400000
20.780000
21.030000
20.060000
20.060000
21.390000
21.190000
21.360000
21.780000
21.780000
21.880000
21.640000
21.620000
22.010000
21.810000
22.270000
22.420000
22.690000
22.970000
22.880000
22.780000
23.360000
24.420000
24.710000
26.550000
26.780000
26.540000
27.450000
27.930000
26.230000
26.900000
27.760000
27.770000
27.180000
26.030000
25.540000
26.380000
26.650000
26.220000
26.820000
26.520000
25.060000
25.670000
25.750000
25.050000
25.130000
24.380000
24.990000
25.250000
25.580000
25.430000
25.120000
28.970000
29.110000
28.890000
28.690000
28.660000
29.430000
29.960000
30.880000
30.700000
30.450000
30.965000
31.700000
32.950000
32.600000
32.630000
33.050000
31.560000
31.480000
31.750000
33.000000
32.720000
34.850000
34.860000
35.550000
35.890000
35.400000
35.230000
35.390000
35.520000
33.350000
33.680000
34.070000
34.650000
35.201000
34.130000
35.840000
35.840000
35.850000
35.500000
35.040000
35.580000
35.400000
35.390000
36.720000
36.300000
36.320000
37.250000
37.850000
37.680000
39.050000
40.510000
40.500000
38.250000
37.650000
39.270000
38.430000
37.680000
36.320000
34.979800
35.330000
34.870000
40.110000
41.310000
41.600000
42.080000
41.390000
40.660000
41.640000
40.030000
39.650000
38.670000
38.940000
39.010000
39.150000
38.930000
39.850000
40.210000
40.300000
40.100000
43.020000
43.570000
43.760000
45.700000
45.220000
45.850000
45.930000
45.880000
45.940000
46.320000
47.330000
46.190000
47.290000
46.520000
47.280000
46.680000
46.220000
45.190000
45.680000
45.510000
46.240000
46.160000
47.890000
47.580000
47.468000
50.440000
49.610000
50.050000
48.560000
49.860000
48.430000
49.120000
50.090000
52.890000
54.150000
54.910000
55.700000
57.860000
58.060000
58.300000
59.910000
58.540000
59.910000
59.690000
59.590000
59.350000
54.030000
54.320000
54.509000
54.820000
56.730000
56.690000
55.840000
54.430000
56.740000
56.860000
56.740000
54.990000
54.310000
51.980000
52.230000
54.130000
54.800000
52.450000
50.360000
48.500000
49.530000
48.850000
48.580000
51.330000
52.470000
52.960000
53.970000
54.650000
53.930000
51.510000
51.800000
51.560000
51.080000
49.340000
49.200000
50.800000
50.990000
50.410000
49.500000
47.580000
48.750000
49.240000
49.890000
52.480000
53.320000
53.470000
53.470000
52.830000
52.620000
51.900000
53.270000
53.030000
51.900000
50.240000
51.590000
52.950000
54.910000
55.800000
56.180000
55.720000
56.610000
56.200000
57.180000
57.110000
57.030000
55.740000
51.960000
49.220000
50.400000
48.270000
44.940000
45.390000
46.040000
46.350000
45.860000
45.590000
47.140000
47.060000
46.380000
45.530000
44.870000
44.650000
45.170000
43.969000
42.320000
42.940000
43.650000
43.010000
42.970000
42.010000
43.170000
44.390000
44.090000
43.500000
42.710000
41.550000
41.280000
42.440000
41.080000
42.130000
42.800000
43.010000
42.800000
40.850000
40.230000
39.630000
41.990000
41.700000
42.760000
43.800000
43.280000
44.740000
46.090000
46.960000
46.440000
45.850000
48.100000
47.960000
46.580000
46.790000
46.990000
45.500000
47.110000
45.200000
45.720000
48.860000
46.290000
47.250000
48.000000
46.970000
46.190000
43.600000
44.410000
43.950000
44.260000
43.140000
41.900000
41.260000
42.700000
43.020000
43.610000
43.050000
42.080000
41.990000
41.690000
40.980000
41.170000
41.630000
43.620000
44.690000
47.620000
48.500000
50.230000
50.350000
49.400000
50.950000
51.760000
51.940000
50.240000
49.940000
49.250000
50.110000
50.570000
49.770000
49.600000
49.770000
49.000000
50.810000
51.020000
51.800000
53.390000
53.710000
54.400000
52.560000
52.590000
51.240000
51.000000
49.500000
48.320000
49.050000
49.600000
49.500000
48.670000
47.100000
46.020000
46.990000
44.760000
45.820000
39.980000
38.780000
39.110000
37.970000
38.580000
38.920000
38.300000
37.610000
37.120000
35.610000
35.490000
35.320000
37.100000
36.560000
36.290000
36.130000
37.950000
38.230000
39.360000
38.630000
39.510000
39.450000
39.050000
40.300000
40.190000
39.900000
38.310000
38.140000
38.240000
39.180000
38.740000
38.510000
38.010000
38.070000
38.570000
40.010000
42.670000
42.210000
42.570000
42.960000
43.270000
43.293000
41.380000
41.830000
40.940000
39.930000
39.430000
40.840000
40.860000
40.470000
41.010000
40.960000
41.360000
41.150000
40.000000
40.150000
40.220000
39.980000
39.100000
38.550000
39.270000
38.330000
38.350000
39.470000
34.600000
33.970000
33.830000
34.230000
34.450000
34.130000
35.100000
36.240000
35.920000
36.910000
36.560000
37.320000
37.400000
38.090000
38.830000
40.460000
40.890000
40.070000
39.900000
40.370000
38.550000
38.050000
38.310000
38.750000
39.090000
38.940000
39.680000
39.980000
40.170000
40.090000
39.490000
38.200000
38.720000
39.820000
39.050000
39.830000
40.440000
41.000000
40.050000
40.010000
38.950000
39.390000
39.520000
38.930000
42.250000
44.630000
44.820000
44.970000
44.290000
44.520000
42.140000
41.770000
41.050000
42.320000
41.840000
41.640000
42.300000
42.600000
44.550000
44.580000
43.960000
42.360000
41.160000
40.380000
40.940000
41.340000
42.310000
42.220000
43.220000
42.480000
41.880000
35.750000
35.720000
35.690000
36.300000
35.890000
35.780000
35.780000
36.030000
36.140000
35.660000
35.690000
35.310000
34.720000
34.140000
34.690000
34.990000
35.180000
35.390000
35.500000
35.650000
35.850000
36.320000
35.830000
35.399000
34.910000
34.750000
34.600000
34.180000
33.870000
33.970000
34.160000
33.670000
33.150000
33.180000
32.880000
33.390000
33.430000
34.320000
34.270000
34.010000
35.000000
35.280000
34.820000
34.900000
34.600000
34.600000
34.630000
34.300000
33.970000
33.020000
33.000000
32.780000
33.250000
33.670000
33.040000
33.530000
32.710000
31.720000
32.520000
32.360000
33.100000
33.210000
33.960000
33.960000
34.520000
34.640000
34.230000
33.820000
33.850000
33.900000
34.540000
34.730000
35.330000
35.590000
35.500000
35.680000
35.540000
35.250000
35.450000
35.500000
35.510000
36.500000
36.410000
35.590000
35.770000
35.350000
34.830000
35.200000
34.950000
34.870000
35.040000
35.240000
35.580000
35.310000
35.690000
35.380000
35.220000
35.430000
35.020000
34.500000
33.710000
33.350000
33.090000
32.910000
34.080000
34.060000
33.960000
34.740000
35.590000
36.310000
36.510000
37.190000
37.150000
37.190000
38.170000
38.170000
37.950000
37.950000
37.950000
37.740000
43.650000
45.680000
45.150000
44.930000
46.510000
46.110000
45.460000
45.270000
45.660000
45.930000
44.760000
45.210000
44.200000
45.040000
44.270000
44.120000
43.730000
43.720000
43.770000
43.420000
42.370000
42.310000
42.370000
42.790000
42.490000
42.700000
41.840000
41.510000
43.620000
43.730000
42.960000
42.950000
44.500000
43.930000
43.100000
42.710000
42.800000
42.750000
41.870000
41.250000
42.080000
42.190000
43.340000
43.160000
43.370000
44.790000
45.300000
46.010000
44.930000
44.490000
44.010000
43.720000
43.760000
43.400000
42.550000
42.620000
43.790000
45.020000
44.650000
45.860000
45.010000
45.950000
46.930000
46.170000
39.750000
39.060000
38.950000
39.860000
40.370000
40.750000
41.560000
41.090000
41.390000
41.950000
41.400000
42.180000
42.680000
42.530000
44.450000
45.300000
46.740000
47.980000
47.990000
48.850000
48.240000
48.060000
48.350000
48.550000
48.460000
49.000000
49.060000
48.830000
49.260000
48.830000
48.350000
48.740000
49.070000
49.500000
49.410000
49.480000
49.210000
48.370000
48.140000
48.970000
49.220000
49.220000
48.560000
48.060000
47.990000
47.150000
47.580000
47.250000
47.650000
47.870000
47.080000
45.651000
44.930000
44.360000
44.400000
44.000000
44.320000
44.450000
43.920000
43.730000
44.020000
43.600000
44.680000
45.220000
44.960000
44.820000
43.980000
42.740000
38.330000
37.950000
37.520000
38.170000
37.990000
38.520000
37.860000
38.250000
39.260000
39.150000
39.190000
38.290000
38.720000
37.900000
38.350000
38.010000
37.440000
37.120000
36.880000
37.210000
36.860000
36.930000
36.810000
36.120000
36.220000
36.190000
36.910000
36.890000
36.770000
35.990000
36.230000
35.920000
36.000000
35.680000
35.470000
35.250000
35.690000
36.320000
36.670000
36.530000
36.140000
36.770000
37.340000
38.510000
37.090000
36.610000
36.060000
36.130000
36.620000
35.270000
36.280000
36.890000
36.340000
36.030000
35.790000
35.550000
35.790000
35.740000
35.210000
34.590000
34.380000
33.960000
34.470000
35.040000
34.690000
34.840000
34.160000
33.530000
32.730000
32.780000
32.760000
31.610000
32.610000
33.940000
34.830000
33.760000
35.190000
35.630000
36.070000
34.640000
34.610000
35.070000
34.760000
33.490000
33.410000
33.770000
33.550000
33.880000
33.600000
33.470000
33.680000
34.960000
35.090000
35.070000
35.480000
36.650000
36.370000
36.550000
36.770000
36.480000
36.700000
38.520000
38.680000
38.610000
37.110000
36.800000
36.110000
35.790000
35.660000
34.630000
33.730000
32.920000
33.670000
33.490000
34.480000
34.180000
33.190000
34.310000
33.590000
26.260000
26.560000
27.170000
26.890000
26.320000
26.090000
26.690000
27.290000
26.780000
26.360000
26.210000
26.490000
26.070000
26.530000
27.770000
27.950000
29.090000
29.120000
28.130000
28.370000
28.140000
27.970000
28.030000
28.910000
29.520000
30.670000
30.830000
31.760000
32.230000
30.800000
29.730000
30.510000
30.790000
31.720000
31.670000
31.650000
32.520000
32.080000
31.580000
32.120000
30.220000
30.840000
31.790000
32.500000
32.330000
31.840000
32.120000
30.870000
31.860000
32.760000
33.320000
32.590000
33.380000
32.620000
32.910000
33.550000
33.320000
32.600000
32.470000
32.310000
32.540000
32.570000
32.880000
33.630000
37.680000
38.300000
38.240000
38.150000
38.090000
37.560000
37.450000
37.460000
38.210000
38.770000
39.470000
38.840000
39.260000
39.990000
41.510000
42.600000
42.840000
42.550000
42.440000
42.540000
42.960000
42.410000
40.850000
40.920000
40.630000
40.340000
39.410000
39.100000
38.980000
38.900000
38.120000
38.460000
38.690000
38.460000
38.500000
39.020000
40.010000
39.260000
39.420000
40.010000
39.890000
40.240000
39.800000
40.290000
40.210000
39.460000
38.700000
38.900000
38.370000
37.500000
37.780000
37.150000
37.400000
38.200000
38.660000
37.880000
36.980000
37.020000
36.950000
36.430000
37.260000
37.080000
36.850000
37.430000
37.050000
37.670000
38.700000
37.390000
37.160000
38.270000
38.980000
39.100000
38.720000
38.850000
39.310000
40.140000
40.060000
40.330000
41.510000
41.260000
41.000000
40.780000
40.879900
38.830000
39.140000
38.850000
37.690000
37.050000
38.580000
38.360000
38.100000
38.840000
38.810000
37.820000
38.080000
37.780000
37.850000
38.450000
38.580000
39.800000
39.490000
38.980000
39.010000
39.370000
39.340000
39.810000
39.790000
40.420000
41.190000
41.530000
41.680000
41.660000
41.860000
41.680000
42.270000
42.410000
45.200000
45.070000
44.990000
44.640000
44.950000
44.770000
44.750000
56.810000
62.800000
62.601000
61.330000
61.185000
61.180000
62.190000
63.230000
60.820000
61.830000
62.850000
60.920000
61.560000
61.700000
60.580000
63.220000
62.170000
63.300000
68.300000
68.880000
69.000000
69.350000
68.550000
69.630000
69.860000
69.140000
68.580000
70.420000
73.650000
72.290000
72.039900
73.240000
71.170000
70.070000
70.888000
71.940000
72.400000
71.830000
69.810000
69.100000
69.670000
68.860000
68.660000
67.480000
68.140000
68.890000
68.410000
69.610000
69.450000
68.730000
68.970000
72.069900
70.280000
70.730000
72.790000
75.100000
73.690000
73.790000
73.320000
73.350000
71.630000
71.740000
69.250000
86.179900
84.010000
84.039900
82.700000
78.540000
77.310000
79.710000
76.799900
79.000000
79.140000
77.780000
74.110000
74.780100
74.870000
73.450000
72.380000
72.790000
75.020000
74.700000
77.490000
78.500000
77.300000
79.250000
78.650000
76.220000
79.050000
78.680000
79.910000
82.700000
83.750000
86.210000
84.520000
83.340000
86.280000
87.300000
87.260000
87.770000
86.910000
88.750000
89.000000
89.650000
91.300000
92.590000
93.479900
93.430000
93.380000
93.150000
93.410000
92.360000
92.455000
92.260000
93.430000
95.850000
95.323700
94.660000
89.340000
92.370000
90.530000
89.530000
90.550000
89.850000
89.760000
91.290000
100.820000
88.730000
88.210000
90.000000
90.100000
88.240000
89.150000
87.650000
85.980000
84.370000
87.270000
87.043800
83.580000
78.890000
77.000000
79.860000
78.510000
77.850000
78.600000
79.180000
80.390000
79.760000
81.430000
81.303500
85.590000
90.300000
89.150000
90.560000
90.910000
94.410000
93.190000
94.210000
94.310000
93.020000
90.750000
91.280000
92.400000
89.080000
85.090000
86.890000
89.380000
90.580000
91.260000
91.010000
92.850000
94.250000
94.450000
92.640000
96.250000
95.210000
88.790000
88.820000
87.880000
85.220000
84.260000
81.080000
82.870000
80.240000
80.350000
80.120000
79.760000
78.480000
73.970000
77.670000
77.600000
75.820000
73.950000
74.210000
77.700000
74.630000
73.950000
72.090000
68.490000
70.910000
73.500000
75.190000
74.450000
77.730000
75.800000
72.960000
72.080000
73.640000
69.900000
72.080000
73.270000
71.690000
70.870000
67.850000
64.470000
62.430000
65.340000
64.990100
62.740000
64.090000
63.470000
67.150000
66.510000
68.320000
68.220000
66.530000
71.700000
70.170000
73.190000
75.950000
75.170000
73.800000
70.800000
69.760000
71.300000
76.700000
77.370000
74.940000
76.870000
76.900000
77.300000
74.390000
74.830000
71.990000
72.610000
72.500000
74.590000
74.040000
80.100000
80.180000
79.600000
81.000000
77.690000
80.860000
81.970000
80.740000
78.630000
79.360000
77.310000
75.920000
75.710000
73.180000
72.790000
72.410000
74.530000
74.560000
74.200000
76.120000
76.460000
82.290000
80.720000
78.300000
79.260000
78.350000
80.620000
80.080000
80.350000
81.620000
80.230000
80.110000
81.500000
84.510000
80.630000
79.430000
79.620000
77.280000
76.150000
79.170000
81.700000
82.970000
82.520000
84.260000
81.100000
80.680000
79.640000
80.510000
76.300000
74.660000
73.330000
73.620000
71.440000
72.000000
72.490000
75.040000
70.610000
70.630000
68.540000
66.280000
67.030000
71.840000
72.110000
69.120000
68.480000
67.970000
70.540000
78.720000
78.310000
75.980000
78.210000
78.210000
76.340000
75.750000
75.710000
79.110000
78.090000
76.950000
80.510000
88.090000
87.250000
86.690000
88.030000
86.400000
83.110000
81.290000
82.130000
83.260000
85.260000
82.850000
81.760000
81.730000
83.420000
80.810000
81.410000
80.770000
78.030000
79.190000
81.160000
79.040000
76.740000
79.510000
78.300000
77.340000
78.730000
71.540000
76.500000
81.000000
74.930000
71.760000
69.960000
72.080000
70.700000
63.350000
72.760000
69.580000
67.360000
67.000000
65.230000
58.520000
61.020000
56.000000
56.250000
62.020000
55.860000
48.720000
50.290000
50.650000
52.970000
50.230000
49.990000
50.320000
48.960000
49.580000
56.040000
56.890000
56.710000
57.240000
55.770000
58.450000
51.980000
47.220000
49.210000
48.460000
46.300000
41.560000
44.930000
41.750000
39.690000
38.440000
35.840000
35.030000
37.870000
42.500000
42.190000
43.960000
42.700000
40.470000
41.190000
45.210000
47.320000
48.260000
51.410000
51.250000
49.700000
48.250000
51.250000
48.850000
52.630000
53.180000
52.080000
51.560000
49.840000
51.080000
51.440000
51.780000
49.400000
50.760000
51.280000
54.360000
54.060000
57.360000
56.200000
57.160000
55.510000
51.920000
51.450000
48.490000
51.440000
51.590000
48.440000
50.540000
49.940000
50.630000
49.630000
48.440000
50.360000
50.000000
58.820000
61.150000
63.590000
61.060000
63.180000
66.550000
66.710000
63.310000
64.354000
63.960000
63.260000
61.670000
62.350000
61.950000
63.860000
61.710000
65.600000
63.710000
62.340000
64.790000
61.990000
61.700000
64.810000
64.770000
61.690000
60.490000
65.710000
68.540000
69.580000
68.630000
66.980000
71.350000
71.250000
70.100000
69.960000
75.580000
72.630000
72.400000
73.690000
70.520000
71.440000
73.440000
73.500000
76.340000
78.170000
77.990000
75.510000
76.980000
79.770000
78.940000
77.220000
74.710000
77.250000
78.050000
77.570000
78.740000
79.200000
80.610000
84.460000
83.120000
82.400000
79.790000
80.520000
78.960000
79.770000
81.900000
81.990000
79.280000
77.950000
78.610000
77.930000
74.190000
75.110000
73.600000
75.950000
77.870000
77.970000
75.960000
75.640000
78.390000
77.100000
77.650000
77.990000
83.050000
84.930000
85.680000
85.520000
87.560000
86.360000
87.080000
86.590000
85.690000
84.080000
83.180000
82.150000
82.650000
81.595000
82.960000
79.150000
77.680000
79.270000
82.200000
83.880000
83.030000
83.660000
81.600000
79.320000
78.100000
75.630000
77.360000
78.100000
77.630000
81.470000
81.950000
84.550000
86.110000
85.850000
88.230000
89.010000
88.790000
93.870000
86.490000
84.240000
84.980000
84.340000
86.090000
85.760000
87.440000
85.800000
84.290000
84.470000
85.320000
84.440000
83.560000
85.960000
84.600000
83.580000
81.060000
82.120000
83.000000
84.090000
85.000000
84.500000
84.190000
84.000000
84.310000
82.760000
81.190000
79.160000
78.140000
78.460000
78.870000
80.900000
82.240000
83.850000
84.540000
83.860000
83.550000
90.700000
90.440000
90.280000
90.560000
93.750000
92.380000
92.110000
90.520000
92.210000
91.720000
93.360000
91.040000
89.850000
88.670000
90.910000
93.970000
95.220000
95.710000
93.600000
94.830000
97.460000
96.010000
95.320000
94.680000
94.980000
93.420000
93.450000
118.490000
124.639900
122.070000
121.640000
122.577000
118.810000
118.840000
118.370000
117.100000
120.610000
126.200000
126.670000
130.150000
129.910000
130.530000
132.970000
131.590000
131.250000
131.290000
128.990000
129.660000
133.000000
132.940000
134.030000
131.740000
135.910000
138.500000
142.250000
141.170000
137.580000
134.210000
134.110000
131.310000
135.380000
134.150000
131.380000
130.230000
128.360000
126.910000
128.480000
132.790000
133.750000
138.940000
138.470000
139.310000
139.410000
136.490000
134.520000
133.900000
134.690000
132.250000
130.000000
133.520000
130.308000
127.350000
129.110000
127.350000
127.140000
127.610000
125.780000
126.620000
121.430000
120.310000
119.480000
122.750000
126.030000
125.410000
118.870000
118.120000
119.100000
115.940000
117.390000
116.830000
118.030000
117.360000
120.090000
119.660000
117.530000
116.310000
118.080000
117.520000
118.010000
117.240000
119.720000
118.200000
118.400000
124.540000
125.530000
125.890000
128.530000
128.910000
130.110000
128.820000
130.510000
133.580000
131.820000
131.130000
131.790000
131.340000
132.760000
130.350000
130.470000
129.260000
128.040000
134.730000
135.060000
135.120000
136.579000
135.770000
131.810000
131.490000
135.560000
134.870000
140.960000
140.060000
141.200000
140.160000
144.280000
145.820000
142.171000
142.430000
144.200000
146.430000
150.090000
143.630000
147.110000
142.020000
139.350000
141.730000
137.100000
137.490000
129.830000
130.930000
128.710000
124.980000
131.290000
130.460000
133.870000
131.470000
128.533000
128.910000
126.280000
124.590000
119.710000
122.720000
122.120000
124.860000
123.210000
126.700000
125.460000
123.240000
126.310000
128.760000
122.770000
122.010000
118.835000
117.910000
123.210000
123.030000
123.830000
126.840000
126.900000
125.890000
125.830000
122.550000
122.307000
121.450000
118.330000
121.000000
117.800000
108.610000
109.260000
110.960000
109.140000
110.060000
113.430000
116.220000
117.260000
119.510000
123.650000
123.300000
122.060000
118.490000
119.940000
120.100000
117.430000
120.070000
118.870000
118.400000
117.130000
117.130000
116.860000
117.890000
120.070000
122.420000
127.580000
127.830000
128.320000
128.830000
130.000000
125.890000
126.560000
124.690000
126.070000
128.860000
129.650000
127.570000
127.760000
126.600000
124.530000
126.850000
124.860000
126.640000
123.790000
124.830000
132.490000
135.210000
138.790000
137.220000
139.140000
140.380000
142.440000
145.070000
145.750000
145.450000
148.130000
148.325000
151.304800
150.730000
151.830000
152.850000
160.730000
159.370000
159.700000
158.990000
157.060000
153.710000
155.390000
160.870000
155.400000
156.270000
155.550000
153.030000
156.480000
155.170000
155.530000
164.640000
163.560000
158.670000
158.670000
164.970000
169.130000
169.000000
169.950000
167.510000
166.840000
165.230000
162.580000
164.610000
168.470000
168.930000
170.770000
171.990000
170.270000
173.330000
170.370000
165.680000
158.900000
157.780000
158.350000
164.170000
164.820000
170.390000
168.200000
177.250000
177.200000
179.490000
175.400000
176.550000
176.530000
175.680000
178.050000
176.770000
176.290000
174.850000
175.620000
174.250000
173.940000
175.570000
178.040000
177.580000
183.290000
184.750000
184.760000
182.590000
182.140000
181.090000
183.370000
182.750000
180.000000
184.220000
185.010000
187.420000
185.860000
185.490000
184.680000
184.340000
184.080000
185.530000
188.750000
191.250000
186.870000
181.960000
177.420000
176.850000
176.700000
175.390000
184.450000
171.140000
169.640000
172.110000
173.530000
173.710000
175.930000
176.430000
183.060000
185.300000
186.210000
189.250000
190.420000
189.030000
186.620000
187.760000
186.500000
180.420000
176.680000
177.750000
177.240000
173.290000
169.440000
172.020000
172.790000
171.670000
169.080000
166.890000
169.050000
166.140000
168.070000
166.730000
165.080000
164.700000
160.970000
161.820000
164.525000
162.600000
165.320000
171.100000
170.980000
169.350000
174.620000
179.420000
180.130000
180.130000
182.940000
185.290000
182.760000
184.910000
184.710000
184.040000
180.480000
182.290000
181.820000
180.010000
178.340000
178.820000
183.870000
185.890000
185.420000
182.300000
196.630000
195.070000
195.810000
201.190000
198.450000
199.970000
197.110000
197.600000
200.800000
203.940000
204.380000
206.070000
202.560000
192.510000
194.810000
197.090000
198.805000
198.650000
196.220000
193.270000
192.260000
195.000000
194.130000
196.690000
192.395000
193.650000
188.320000
185.690000
187.550000
188.050000
189.680000
186.530000
186.290000
189.960000
185.980000
183.650000
186.370000
187.720000
194.230000
191.630000
194.160000
192.550000
201.250000
202.350000
204.180000
204.490000
209.490000
213.190000
214.190000
216.740000
218.280000
212.550000
211.230000
213.500000
210.380000
212.870000
211.530000
218.060000
215.550000
213.210000
216.520000
213.490000
214.180000
222.518000
223.900000
222.520000
221.320000
211.700000
209.960000
201.480000
202.700000
193.700000
205.090000
194.130000
198.360000
202.300000
202.950000
197.680000
195.930000
182.520000
178.930000
177.540000
193.550000
193.730000
192.030000
199.270000
206.530000
210.920000
215.230000
212.540000
210.000000
216.180000
219.900000
217.260000
211.390000
216.560000
219.530000
222.570000
226.780000
239.300000
241.690000
233.250000
231.870000
223.230000
223.610000
229.850000
224.210000
229.710000
222.440000
216.230000
211.980000
212.500000
219.498000
221.510000
224.740000
231.320000
235.480000
236.810000
236.150000
246.710000
242.330000
243.880000
231.530000
233.610000
234.780000
237.610000
227.150000
198.400000
206.780000
217.320000
213.510000
212.105000
215.620000
218.290000
216.480000
217.000000
217.990000
211.220000
210.790000
217.390000
218.930000
217.830000
211.990000
204.520000
197.140000
189.250000
192.340000
188.990000
182.399000
194.150000
188.390000
192.290000
197.130000
196.030000
196.240000
191.990000
195.320000
190.480000
193.030000
189.520000
180.510000
180.210000
181.260000
181.260000
179.330000
182.520000
174.350000
179.030000
177.280000
176.270000
173.890000
173.860000
173.100000
179.030000
177.510000
177.610000
182.610000
178.560000
179.340000
178.900000
175.930000
178.420000
181.660000
189.440000
194.450000
190.930000
186.090000
187.000000
187.800000
193.316000
195.370000
192.150000
194.440000
179.460000
181.720000
187.680000
183.140000
184.190000
185.480000
184.980000
185.540000
191.590000
191.300000
184.470000
179.930000
182.500000
182.260000
180.580000
178.890000
179.130000
178.530000
183.800000
179.690000
180.040000
179.300000
180.260000
181.090000
183.770000
187.640000
184.320000
183.390000
184.590000
182.260000
184.430000
185.050000
185.520000
192.330000
191.730000
192.400000
195.040000
202.870000
205.440000
201.160000
204.610000
202.510000
198.050000
199.660000
193.990000
194.390000
191.870000
186.980000
187.970000
190.690000
188.460000
185.500000
188.390000
191.070000
191.100000
189.980000
188.240000
190.330000
194.420000
195.990000
226.850000
231.900000
230.040000
230.250000
229.450000
223.990000
225.160000
223.900000
222.980000
226.690000
227.680000
222.930000
224.390000
224.060000
218.360000
213.850000
218.110000
215.330000
217.280000
215.240000
212.890000
214.750000
209.230000
212.910000
208.220000
214.570000
213.210000
217.640000
218.800000
218.480000
216.500000
216.420000
214.730000
214.450000
218.350000
222.660000
224.030000
223.020000
220.575000
222.160000
220.070000
225.610000
225.620000
221.310000
228.350000
229.320000
229.530000
227.060000
225.050000
225.050000
219.500000
218.370000
215.360000
218.390000
216.010000
216.930000
217.470000
226.170000
228.290000
226.010000
223.040000
217.050000
220.010000
237.320000
236.090000
233.300000
232.090000
230.810000
234.970000
233.990000
236.560000
234.380000
234.060000
232.750000
232.440000
233.190000
237.420000
241.550000
241.170000
240.350000
239.450000
243.100000
241.198000
245.740000
243.920000
246.110000
247.120000
246.220000
248.270000
247.880000
246.220000
251.380000
259.140000
257.090000
255.670000
255.630000
260.240000
261.270000
258.000000
258.750000
261.680000
260.810000
257.470000
254.805000
252.460000
249.670000
256.590000
254.320000
252.010000
250.600000
255.920000
260.470000
258.510000
259.060000
250.960000
244.990000
244.220000
242.360000
244.180000
243.940000
247.490000
244.850000
240.000000
233.780000
234.310000
228.490000
222.920000
238.240000
232.893100
232.140000
232.422400
234.330000
237.560000
232.060800
227.350000
226.310000
226.470000
226.600000
222.950000
220.599000
225.230000
229.710000
233.780000
238.030000
239.880000
243.620000
243.401700
247.110000
251.270000
252.050000
250.329100
252.488100
253.960000
253.370000
253.268100
247.770000
250.690000
251.760000
251.250000
249.190000
253.860000
260.400000
257.990000
261.500000
256.920000
258.620000
248.631400
248.310000
245.180000
250.870000
257.310000
258.480000
259.150000
268.459200
266.380000
266.350000
265.340000
267.940000
272.730000
271.900000
268.930000
270.480000
272.120000
270.190000
268.110000
273.620000
283.990000
276.040000
260.350000
272.764000
265.500000
265.000000
259.980000
266.890000
262.220000
260.230000
261.950000
257.210000
258.700000
269.470000
269.240000
265.090000
269.750000
266.410000
265.940000
265.420000
259.870000
259.360000
263.250000
264.270000
265.740000
273.110000
275.590000
273.790000
273.880000
274.190000
271.240000
274.130000
275.100000
265.740000
261.820000
257.890000
256.410000
257.278000
253.390000
257.750000
256.020000
260.310000
265.300000
266.490000
261.610000
263.322000
259.030000
259.080000
255.480000
258.950000
261.140000
264.770000
269.850000
272.870000
267.720000
272.340000
267.400000
259.420000
260.320000
263.550000
268.900000
268.780000
274.700000
254.810000
249.740000
253.810000
248.230000
252.550000
258.050000
255.720000
257.730000
258.680000
260.160000
263.630000
264.510000
268.330000
266.560000
264.120000
269.900000
267.630000
268.860000
262.960000
261.800000
261.740000
267.290000
265.530000
266.830000
269.200000
266.880000
265.700000
267.170000
267.830000
276.870000
281.070000
274.780000
271.670000
275.790000
273.990000
278.060000
281.760000
278.160000
273.440000
273.360000
270.610000
272.088000
277.570000
277.550000
277.690000
282.100000
283.730000
284.030000
285.880000
290.590000
291.530000
292.330000
299.660000
307.550000
306.570000
306.870000
308.690000
304.110000
305.230000
303.480000
301.060000
298.940000
303.400000
312.010000
306.100000
302.410000
301.220000
305.570000
304.210000
300.990000
300.750000
296.910000
295.740000
297.260000
296.690000
293.970000
291.340000
286.470000
284.820000
285.570000
287.090000
284.570000
289.730000
290.010000
286.210000
280.930000
281.580000
283.980000
280.980000
288.800000
293.640000
294.100000
295.860000
299.710000
300.360000
299.640000
298.860000
297.920000
296.060000
304.170000
312.034000
312.060000
316.340000
311.490000
314.130000
312.650000
318.120000
316.010000
312.640000
320.950000
320.510000
314.760000
319.040000
310.030000
303.230000
298.230000
305.174000
310.889000
310.700000
306.400000
310.490000
310.770000
328.931000
326.440000
332.540000
326.756000
332.210000
363.390000
358.160000
362.700000
361.080000
364.030000
359.002000
358.740000
358.892000
356.180000
343.560000
350.310000
354.378000
349.530000
356.220000
367.396000
369.170000
366.180000
364.940000
362.570000
368.920000
372.310000
376.640000
381.370000
386.710000
393.620000
392.300000
384.660000
385.960000
384.490000
386.950000
384.890000
387.780000
382.190000
381.250000
384.240000
388.970000
387.650000
395.960000
395.190000
402.200000
402.920000
399.200000
404.390000
398.080000
393.370000
398.790000
397.970000
396.440000
393.630000
398.030000
401.920000
401.010000
397.660000
390.980000
397.540000
395.870000
395.800000
399.610000
407.050000
404.540000
399.870000
387.600000
386.280000
394.430000
384.200000
403.010000
358.690000
346.150000
347.950000
346.450000
354.590000
361.080000
360.870000
361.790000
349.250000
357.200000
357.350000
353.650000
347.380000
349.800000
346.760000
351.780000
358.320000
359.800000
360.130000
362.100000
359.780000
363.900000
372.370000
372.160000
372.060000
370.530000
368.820000
370.640000
371.510000
373.740000
375.040000
378.770000
373.230000
368.970000
360.620000
351.850000
354.710000
343.410000
338.470000
338.290000
336.365000
342.990000
341.960000
333.620000
323.000000
317.760000
327.070000
331.805000
317.110000
311.730000
315.910000
316.080000
323.680000
324.910000
330.870000
329.320000
324.580000
337.150000
303.830000
296.580000
300.380000
304.130000
307.890000
308.010000
310.050000
297.380000
292.710000
288.320000
292.240000
302.860000
304.640000
297.620000
295.190000
297.700000
296.755000
301.190000
305.010000
304.910000
312.240000
310.820000
310.160000
313.780000
312.550000
308.840000
307.190000
306.780000
323.570000
329.670000
327.500000
332.410000
335.200000
325.910000
326.270000
327.620000
325.620000
334.380000
327.000000
324.200000
327.240000
324.160000
327.440000
325.690000
324.570000
324.780000
332.390000
332.850000
337.492000
333.550000
323.810000
329.970000
327.920000
346.200000
355.320000
354.440000
355.900000
352.454000
358.660000
359.760000
360.840000
358.140000
358.610000
324.010000
320.410000
320.000000
322.510000
312.990000
307.060000
313.650000
312.320000
313.890000
311.450000
316.800000
318.330000
319.320000
326.280000
333.210000
333.630000
334.530000
335.130000
335.780000
332.910000
331.590000
334.020000
341.830000
343.180000
340.020000
339.040000
342.380000
339.000000
345.950000
346.380000
342.340000
329.750000
331.330000
330.520000
331.190000
323.890000
327.760000
324.000000
325.000000
331.320000
324.500000
323.630000
328.210000
321.930000
323.210000
321.820000
322.440000
317.460000
318.410000
322.740000
322.200000
316.980000
322.700000
315.370000
311.390000
306.450000
308.310000
305.970000
302.860000
303.640000
306.210000
315.330000
312.970000
313.180000
287.060000
289.970000
295.590000
294.120000
299.070000
305.460000
305.720000
302.810000
296.520000
296.640000
299.860000
305.110000
312.010000
311.510000
316.480000
327.820000
323.050000
324.930000
326.540000
330.540000
332.630000
335.640000
335.040000
333.570000
338.640000
326.000000
326.310000
316.500000
316.930000
312.630000
306.640000
312.500000
305.840000
307.360000
307.320000
306.070000
295.060000
298.880000
297.730000
299.900000
306.540000
306.285000
303.030000
309.090000
312.040000
310.300000
310.350000
308.520000
302.190000
295.290000
298.420000
300.460000
296.930000
291.410000
294.740000
293.270000
286.950000
290.740000
289.440000
297.250000
310.320000
312.390000
309.660000
306.750000
303.910000
311.780000
354.530000
364.470000
363.550000
364.750000
373.890000
374.280000
370.560000
372.995000
375.140000
377.170000
381.830000
375.430000
373.370000
378.995000
383.660000
380.140000
378.590000
385.370000
384.800000
380.160000
385.655000
384.610000
382.720000
387.830000
380.090000
378.560000
369.510000
366.370000
374.240000
370.580000
373.350000
371.920000
375.135000
373.240000
378.490000
375.110000
374.090000
370.960000
367.350000
370.560000
374.590000
372.100000
370.255000
372.250000
377.040000
374.410000
381.200000
383.540000
382.650000
382.360000
385.110000
383.450000
386.040000
375.560000
389.510000
391.180000
389.800000
389.990000
445.100000
438.560000
429.310000
429.370000
421.780000
422.870000
423.040000
421.190000
419.100000
426.880000
433.690000
432.850000
431.020000
426.870000
432.280000
426.000000
425.240000
421.710000
423.860000
431.630000
427.630000
425.470000
431.420000
426.570000
429.230000
430.920000
430.990000
436.590000
430.780000
426.950000
423.500000
425.480000
430.770000
432.970000
429.920000
423.670000
427.260000
427.810000
439.390000
434.920000
436.290000
445.990000
440.840000
440.100000
438.100000
429.860000
434.090000
437.390000
437.710000
436.040000
436.720000
429.700000
434.390000
443.510000
455.570000
465.570000
461.190000
475.480000
483.010000
488.100000
488.000000
488.270000
482.180000
529.420000
531.410000
526.030000
529.000000
536.760000
536.150000
535.030000
531.900000
537.010000
529.460000
522.620000
524.000000
527.460000
525.910000
529.660000
531.520000
535.220000
535.020000
532.920000
515.780000
494.470000
463.370000
466.370000
500.770000
518.370000
518.010000
512.890000
496.540000
510.550000
504.720000
499.000000
517.540000
516.890000
522.240000
529.440000
521.380000
522.370000
527.390000
538.870000
540.260000
548.390000
538.400000
536.070000
533.750000
524.250000
504.060000
496.070000
511.890000
520.720000
532.540000
543.680000
537.480000
541.940000
533.160000
539.800000
550.190000
548.900000
544.830000
562.440000
570.760000
573.150000
560.880000
555.770000
563.910000
599.030000
608.610000
611.010000
617.100000
626.550000
625.900000
628.350000
625.310000
640.950000
655.650000
659.370000
655.490000
659.680000
673.250000
665.600000
642.350000
647.810000
643.300000
663.540000
661.270000
668.450000
678.990000
671.150000
675.340000
673.260000
664.800000
679.060000
676.010000
666.250000
672.640000
669.830000
677.330000
664.790000
662.320000
640.150000
657.910000
658.640000
675.770000
670.650000
664.140000
664.510000
663.150000
663.700000
662.790000
675.200000
693.970000
689.070000
675.890000
636.990000
633.790000
632.650000
607.940000
607.050000
617.740000
617.890000
581.810000
593.000000
570.180000
574.480000
571.770000
575.020000
596.380000
596.530000
601.250000
583.350000
635.350000
587.000000
574.810000
552.100000
531.070000
536.260000
502.130000
488.100000
482.070000
490.480000
503.820000
507.080000
521.100000
534.100000
525.000000
534.900000
559.500000
552.940000
554.040000
555.150000
555.230000
552.520000
579.040000
580.210000
577.490000
575.140000
562.800000
560.260000
559.470000
558.930000
569.610000
573.370000
577.020000
574.270000
559.440000
552.080000
553.980000
560.480000
569.630000
582.950000
579.870000
593.860000
598.690000
593.640000
598.500000
593.190000
586.140000
602.080000
591.430000
594.600000
595.930000
603.170000
614.820000
620.750000
625.890000
635.350000
627.900000
632.990000
631.000000
620.500000
626.200000
616.880000
606.570000
602.000000
659.590000
683.850000
671.320000
670.900000
659.090000
673.950000
679.750000
703.070000
713.230000
717.930000
709.920000
710.660000
695.270000
697.450000
698.520000
702.800000
696.750000
704.200000
708.350000
714.910000
712.240000
722.790000
719.440000
728.240000
725.540000
726.730000
723.740000
726.640000
727.650000
717.910000
715.240000
719.300000
714.260000
717.510000
706.390000
714.010000
715.820000
710.600000
722.080000
698.960000
691.360000
707.950000
715.600000
715.620000
725.680000
728.100000
737.610000
736.570000
745.810000
753.780000
748.210000
742.630000
741.200000
735.440000
736.070000
739.950000
745.720000
744.430000
744.860000
739.610000
735.590000
736.670000
752.610000
758.810000
767.740000
760.580000
754.640000
760.770000
765.980000
766.560000
768.310000
768.560000
771.240000
772.560000
768.490000
764.040000
764.630000
764.460000
757.310000
759.480000
762.450000
757.250000
759.220000
769.000000
771.290000
767.580000
769.160000
770.620000
772.440000
788.870000
784.480000
784.060000
760.140000
771.490000
761.010000
761.090000
769.690000
778.520000
775.100000
780.220000
789.740000
804.700000
805.750000
799.160000
816.110000
828.720000
829.050000
837.310000
836.740000
834.030000
844.360000
841.660000
839.430000
841.710000
831.000000
834.090000
829.280000
822.960000
812.950000
817.650000
817.690000
810.320000
818.990000
838.090000
835.180000
822.590000
818.360000
776.320000
789.820000
785.410000
765.560000
767.030000
755.050000
784.930000
787.750000
771.880000
742.380000
739.010000
719.070000
743.240000
746.490000
756.400000
760.160000
780.000000
785.330000
780.120000
780.370000
766.770000
762.520000
750.570000
743.650000
740.340000
759.360000
764.720000
770.420000
767.330000
768.660000
760.120000
774.340000
768.820000
761.000000
757.770000
766.000000
771.220000
770.600000
766.340000
760.590000
771.400000
772.130000
765.150000
749.870000
753.670000
757.180000
780.450000
795.990000
796.920000
795.900000
799.020000
813.640000
817.140000
809.720000
807.480000
809.040000
808.330000
817.880000
822.440000
836.520000
839.150000
835.770000
830.380000
823.480000
832.350000
839.950000
810.200000
807.640000
812.500000
819.710000
821.360000
827.460000
836.530000
836.390000
842.700000
844.140000
845.070000
856.440000
855.610000
852.190000
845.240000
848.640000
845.040000
853.080000
848.910000
849.880000
846.610000
846.020000
850.500000
853.000000
852.460000
854.590000
852.530000
852.970000
853.420000
852.310000
856.970000
843.200000
848.060000
847.380000
845.610000
846.820000
856.000000
874.320000
876.340000
886.540000
891.510000
906.830000
909.280000
898.280000
894.880000
907.040000
902.360000
896.230000
884.670000
901.990000
903.780000
899.200000
902.060000
898.530000
907.410000
907.620000
909.290000
918.380000
924.990000
948.230000
946.940000
941.030000
937.530000
934.150000
949.040000
952.820000
948.950000
947.620000
961.350000
957.970000
966.070000
944.760000
958.490000
959.840000
970.670000
971.540000
980.350000
993.380000
995.780000
996.700000
994.620000
995.950000
1006.730000
1011.340000
1003.000000
1010.070000
1010.270000
978.310000
964.910000
980.790000
976.470000
964.170000
987.710000
995.170000
992.590000
1002.230000
1001.300000
1003.740000
993.980000
976.780000
990.330000
975.930000
968.000000
953.660000
971.400000
965.140000
978.760000
996.470000
994.130000
1006.510000
1000.630000
1001.810000
1010.040000
1024.450000
1026.870000
1028.700000
1025.670000
1038.950000
1039.870000
1052.800000
1046.000000
1020.040000
987.780000
992.270000
995.890000
986.920000
987.580000
992.270000
989.840000
982.010000
956.920000
967.990000
983.300000
982.740000
978.180000
960.570000
958.470000
953.290000
966.900000
958.000000
952.450000
945.260000
946.020000
954.060000
967.590000
980.600000
978.250000
965.270000
967.800000
979.470000
965.900000
977.960000
982.580000
999.600000
992.210000
986.790000
974.190000
969.860000
973.210000
964.650000
955.100000
939.790000
938.600000
950.870000
956.400000
961.350000
959.190000
957.100000
965.450000
980.850000
989.580000
990.990000
987.200000
995.000000
1000.930000
1002.940000
1006.340000
1009.130000
997.000000
986.610000
982.910000
966.300000
975.900000
972.910000
972.430000
1100.950000
1110.850000
1105.280000
1103.680000
1094.220000
1111.600000
1120.660000
1123.170000
1132.880000
1129.130000
1125.350000
1129.170000
1136.840000
1126.690000
1137.290000
1129.880000
1126.310000
1139.490000
1156.160000
1186.000000
1195.830000
1193.600000
1161.270000
1176.750000
1162.350000
1133.950000
1141.570000
1152.350000
1159.790000
1162.000000
1168.920000
1165.080000
1164.130000
1174.260000
1179.140000
1190.580000
1187.380000
1177.620000
1174.760000
1168.360000
1176.760000
1182.260000
1186.100000
1169.470000
1189.010000
1204.200000
1209.590000
1229.140000
1246.870000
1252.700000
1254.330000
1276.680000
1305.200000
1304.860000
1295.000000
1293.320000
1294.580000
1327.310000
1362.540000
1357.510000
1377.950000
1402.050000
1417.680000
1437.820000
1450.890000
1390.000000
1429.950000
1390.000000
1442.840000
1416.780000
1350.500000
1339.600000
1386.230000
1414.510000
1451.050000
1461.760000
1448.690000
1468.350000
1482.920000
1485.340000
1500.000000
1521.950000
1511.980000
1512.450000
1493.450000
1500.250000
1523.610000
1537.640000
1545.000000
1551.860000
1578.890000
1598.390000
1588.180000
1591.000000
1582.320000
1571.680000
1544.930000
1586.510000
1581.860000
1544.920000
1495.560000
1555.860000
1497.050000
1431.420000
1447.340000
1371.990000
1392.050000
1410.570000
1451.750000
1405.230000
1406.080000
1436.220000
1427.050000
1448.500000
1430.790000
1441.500000
1503.830000
1527.840000
1556.910000
1527.490000
1517.860000
1460.090000
1460.170000
1517.960000
1572.620000
1566.130000
1582.260000
1569.680000
1572.080000
1580.950000
1600.140000
1592.390000
1608.000000
1609.080000
1602.910000
1601.540000
1576.120000
1587.280000
1581.760000
1574.370000
1585.460000
1581.400000
1601.860000
1603.070000
1610.150000
1612.870000
1624.890000
1629.620000
1641.540000
1665.270000
1696.350000
1695.750000
1689.300000
1683.990000
1689.120000
1698.750000
1704.860000
1723.860000
1715.970000
1723.790000
1734.780000
1750.080000
1730.220000
1715.670000
1663.150000
1691.090000
1660.510000
1701.450000
1699.800000
1713.780000
1693.960000
1699.730000
1710.630000
1739.020000
1743.070000
1755.000000
1796.620000
1813.030000
1822.490000
1843.930000
1842.920000
1812.970000
1813.700000
1802.000000
1829.240000
1863.610000
1808.000000
1817.270000
1779.220000
1777.440000
1797.170000
1834.330000
1823.290000
1847.750000
1862.480000
1886.520000
1898.520000
1886.300000
1896.200000
1919.650000
1882.620000
1886.520000
1882.220000
1876.710000
1883.420000
1904.900000
1902.900000
1905.390000
1927.680000
1932.820000
1998.100000
2002.380000
2012.710000
2039.510000
1994.820000
1958.310000
1952.070000
1939.010000
1987.150000
1990.000000
1989.870000
1970.190000
1908.030000
1941.050000
1926.420000
1944.300000
1915.010000
1934.360000
1974.550000
1974.850000
2012.980000
2003.000000
2004.360000
1971.310000
1952.760000
1909.420000
1889.650000
1864.420000
1870.320000
1755.250000
1719.360000
1788.610000
1760.950000
1819.960000
1831.730000
1770.720000
1764.030000
1789.300000
1768.700000
1664.200000
1782.170000
1642.810000
1538.880000
1530.420000
1598.010000
1665.530000
1665.530000
1627.800000
1642.810000
1755.490000
1754.910000
1712.430000
1636.850000
1631.170000
1599.010000
1619.440000
1593.410000
1512.290000
1495.460000
1516.730000
1502.060000
1581.330000
1581.420000
1677.750000
1673.570000
1690.170000
1772.360000
1668.400000
1699.190000
1629.130000
1641.030000
1643.240000
1663.540000
1658.380000
1591.910000
1520.910000
1551.480000
1495.080000
1460.830000
1377.450000
1343.960000
1470.900000
1461.640000
1478.020000
1501.970000
1539.130000
1500.280000
1575.390000
1629.510000
1656.580000
1659.420000
1656.220000
1640.560000
1617.210000
1674.560000
1683.780000
1693.220000
1696.200000
1632.170000
1640.020000
1654.930000
1670.570000
1637.890000
1593.880000
1670.430000
1718.730000
1626.230000
1633.310000
1658.810000
1640.260000
1614.370000
1588.220000
1591.000000
1638.010000
1640.000000
1622.650000
1607.950000
1627.580000
1622.100000
1619.440000
1631.560000
1633.000000
1636.400000
1641.090000
1639.830000
1671.730000
1696.170000
1692.430000
1668.950000
1625.950000
1620.800000
1670.620000
1673.100000
1690.810000
1686.220000
1712.360000
1742.150000
1761.850000
1797.270000
1819.260000
1764.770000
1774.260000
1783.760000
1765.700000
1773.420000
1780.750000
1814.190000
1813.980000
1820.700000
1818.860000
1837.280000
1849.860000
1835.840000
1847.330000
1844.070000
1843.060000
1844.870000
1863.040000
1864.820000
1861.690000
1887.310000
1923.770000
1901.750000
1902.250000
1950.630000
1938.430000
1926.520000
1911.520000
1900.820000
1962.460000
1950.550000
1921.000000
1917.770000
1899.870000
1889.980000
1822.680000
1840.120000
1871.150000
1907.570000
1869.000000
1858.970000
1857.520000
1859.680000
1815.480000
1823.280000
1836.430000
1819.190000
1816.320000
1775.070000
1692.690000
1729.560000
1738.500000
1754.360000
1804.030000
1860.630000
1863.700000
1855.320000
1870.300000
1869.670000
1886.030000
1901.370000
1908.790000
1918.190000
1911.300000
1913.900000
1878.270000
1897.830000
1904.280000
1893.630000
1922.190000
1934.310000
1939.000000
1942.910000
1952.320000
1988.300000
2017.410000
2001.070000
2011.000000
2020.990000
2009.900000
1992.030000
1977.900000
1964.520000
1985.630000
1994.490000
2000.810000
1973.820000
1943.050000
1912.450000
1898.530000
1866.780000
1855.320000
1823.240000
1765.130000
1787.830000
1793.400000
1832.890000
1807.580000
1784.920000
1824.340000
1762.960000
1776.120000
1792.570000
1816.120000
1801.380000
1823.540000
1805.600000
1749.620000
1768.870000
1761.830000
1764.250000
1786.400000
1776.290000
1789.840000
1800.620000
1840.720000
1833.510000
1831.350000
1820.550000
1822.990000
1843.550000
1839.340000
1807.840000
1822.550000
1817.460000
1821.500000
1794.160000
1785.300000
1741.610000
1768.330000
1739.840000
1725.450000
1735.910000
1735.650000
1713.230000
1724.420000
1739.650000
1732.660000
1705.510000
1721.990000
1720.260000
1731.920000
1736.430000
1767.380000
1777.430000
1787.480000
1757.510000
1785.660000
1765.730000
1762.170000
1780.780000
1761.330000
1777.080000
1762.710000
1779.990000
1776.660000
1791.440000
1804.660000
1801.710000
1795.770000
1788.200000
1785.880000
1771.650000
1778.000000
1753.110000
1754.600000
1739.490000
1752.530000
1752.790000
1745.530000
1734.710000
1745.720000
1773.840000
1796.940000
1818.510000
1800.800000
1781.600000
1769.960000
1760.690000
1740.480000
1751.600000
1749.510000
1739.210000
1748.720000
1760.330000
1760.940000
1769.210000
1790.660000
1784.030000
1792.280000
1786.500000
1793.000000
1789.210000
1868.770000
1869.800000
1846.890000
1847.840000
1898.010000
1874.970000
1902.880000
1906.860000
1891.970000
1901.050000
1883.160000
1891.300000
1869.440000
1862.020000
1877.940000
1864.720000
1892.000000
1887.460000
1884.580000
1861.640000
1828.340000
1853.250000
1858.000000
1870.680000
2008.720000
2004.200000
2049.670000
2039.870000
2050.230000
2079.280000
2133.910000
2150.800000
2160.000000
2149.870000
2134.870000
2155.670000
2170.220000
2153.100000
2095.970000
2009.290000
1972.740000
1979.590000
1884.300000
1883.750000
1953.950000
1908.990000
1975.830000
1924.030000
1901.090000
1800.610000
1891.820000
1820.860000
1676.610000
1785.000000
1689.150000
1807.840000
1830.000000
1880.930000
1846.090000
1902.830000
1940.100000
1885.840000
1955.490000
1900.100000
1963.950000
1949.720000
1907.700000
1918.830000
1906.590000
1997.590000
2011.600000
2043.000000
2042.760000
2168.870000
2283.320000
2307.680000
2408.190000
2375.000000
2393.610000
2328.120000
2363.490000
2399.450000
2410.220000
2376.000000
2314.080000
2372.710000
2474.000000
2286.040000
2315.990000
2317.800000
2351.260000
2367.610000
2379.610000
2409.000000
2356.950000
2367.920000
2388.850000
2409.780000
2426.260000
2449.330000
2497.940000
2446.740000
2436.880000
