38.231800
34.030000
31.000000
32.000000
33.030000
31.910000
28.840000
28.190000
29.600000
27.720000
26.900000
25.869000
26.810000
26.310000
27.100000
27.005000
27.400000
27.270000
28.290000
30.014000
31.410000
31.911000
31.600000
31.840000
33.050000
32.060000
33.100000
32.230000
31.360000
31.095000
30.771000
31.200000
31.470000
31.730000
32.170000
31.470000
30.970000
30.810000
30.720000
28.245000
28.090000
29.110000
29.000000
28.760000
28.750000
28.450000
29.340000
26.845000
23.705000
23.150000
21.710000
20.880000
20.040000
21.090000
21.920000
20.720000
20.720000
21.010000
21.807000
21.600000
20.380000
21.200000
19.870000
19.050000
20.011000
19.159000
19.439000
19.440000
19.409000
19.150000
19.340000
19.100000
19.088500
18.058000
17.729000
18.580000
18.960000
18.980000
18.810000
19.430000
20.931000
20.713000
22.000000
21.520000
21.870000
23.290000
22.590000
22.860000
20.790000
20.280000
20.620000
20.320000
21.660000
21.990000
22.270000
21.830000
21.947500
20.910000
20.400000
20.227000
19.640000
19.750000
19.518100
19.520000
19.480000
19.880000
18.975000
19.000000
19.321000
19.500000
23.229900
22.560000
21.942500
21.110000
21.210000
21.180000
21.250000
21.171200
20.470000
19.990000
19.210000
20.070000
19.860000
22.360000
22.170000
23.560700
22.920000
23.100000
24.320000
23.998000
25.940000
26.150000
26.360000
27.320000
28.000000
27.040000
27.460000
27.710000
26.970000
27.485000
27.840000
27.980000
27.580100
28.240000
26.812000
26.750000
27.710000
27.410000
27.360000
26.260000
26.930000
26.510000
26.050000
25.911200
26.619700
28.000000
27.770000
28.760000
29.421300
29.060700
30.590000
31.300000
31.720000
30.947500
30.100000
29.850000
30.140000
29.660000
30.729000
30.820000
31.080000
31.540000
32.469000
30.790000
31.240000
30.981000
29.730000
28.109000
28.640000
29.050000
28.650000
28.545000
28.260000
27.370000
27.907500
28.500000
28.320000
28.930000
28.462000
27.283000
27.130000
27.270000
27.390000
26.870000
27.250000
27.780000
27.720000
27.520000
27.452500
28.578000
27.960000
28.140000
27.830000
27.080000
27.040000
26.645000
26.490000
26.550000
25.860000
25.740000
25.730000
25.131000
25.205000
26.090000
25.580000
25.530000
25.420000
26.250000
27.072500
27.390000
26.849000
26.590000
27.570000
28.017500
27.400000
26.520000
26.920000
26.625000
25.690000
25.730000
25.970000
25.980000
26.110000
26.140000
26.850000
26.980000
27.769000
27.430000
28.970000
28.311000
27.570000
26.889000
27.120000
27.040000
26.680000
26.820000
27.070000
26.600000
26.130000
26.250000
25.759000
25.660000
25.159000
25.060000
24.312500
24.100000
23.320000
24.550000
24.348000
23.848000
23.520000
22.899000
22.970000
23.291000
24.330000
24.030000
23.770000
23.730000
23.630000
24.022000
24.210000
24.309000
23.900000
24.530000
23.935000
24.250000
24.160000
24.660000
24.880000
24.810000
24.410000
24.520000
24.370000
24.710000
25.480000
25.800000
25.810000
25.910000
26.280000
26.320000
26.650000
26.180000
25.881000
26.045000
26.130000
26.510000
34.359000
34.010000
35.430000
37.627000
36.800000
37.489000
38.050000
39.189000
38.550000
38.870000
38.540000
38.500000
38.220000
37.019000
36.650000
36.560000
37.080000
37.810000
38.410000
38.320000
38.550000
40.550000
41.340000
39.640000
40.548000
41.280000
41.294000
41.870000
41.780000
42.660000
43.950000
44.040000
43.600000
45.040000
44.750000
44.310000
42.510000
45.070000
45.230000
45.980000
47.490000
47.190000
48.450000
49.460000
50.390000
51.240000
50.230000
50.420000
50.280000
49.183000
51.040000
50.515000
47.140000
46.770000
49.050000
49.110000
49.510000
49.500000
51.135000
52.210000
54.220000
53.850000
52.675000
51.900000
52.445000
51.950000
50.229000
49.395000
49.010000
50.205000
49.750000
48.220000
50.105000
49.120000
47.560000
47.530000
46.200000
46.605000
48.710000
48.990000
49.010000
45.830000
46.360000
46.430000
46.700000
46.230000
44.820000
45.890000
46.490000
47.010000
47.060000
46.730000
48.620000
48.340000
47.940000
48.840000
50.245000
49.380000
51.830000
53.320000
53.810000
54.860000
55.570000
55.050000
55.120000
57.770000
57.960000
57.730000
55.440000
53.710000
54.649000
54.710000
54.557000
57.200000
57.920000
58.230000
57.220000
57.940000
55.910000
57.740000
57.600000
57.190000
56.300000
58.510000
57.510000
56.630000
54.450000
53.550000
55.140000
53.530000
61.080000
62.570000
61.480000
62.750000
62.190000
62.160000
64.320000
63.548000
64.851000
64.450000
67.330000
67.090000
67.300000
68.060000
69.630000
68.590000
70.780000
69.850000
69.260000
68.940000
68.460000
67.410000
68.800000
71.570000
70.840000
69.800000
72.030000
70.100000
70.879900
68.830000
67.720000
68.739900
69.190000
68.240000
66.970000
67.240000
64.100000
64.890000
60.385000
60.970000
60.010000
60.240000
62.620000
62.720000
59.490000
56.749000
56.950000
58.190100
62.410000
59.160000
58.530000
58.890000
59.090000
59.720000
58.940000
61.240000
63.030100
61.360000
60.870000
57.710000
56.140000
58.150000
59.780000
61.150000
60.460000
61.220000
58.530000
57.390000
56.760000
57.240000
59.830000
59.830000
59.230000
57.919000
58.019900
59.210000
58.560000
60.490000
60.520000
61.351000
63.480000
63.510000
63.830000
63.300000
63.080000
62.870000
63.340000
63.186000
62.500000
62.880000
65.770000
65.781000
64.290100
64.500000
64.190000
64.400000
65.600000
64.341500
64.500000
65.370000
65.720000
67.440000
67.130000
67.600000
67.290000
68.060000
66.450000
66.290000
65.290000
62.760000
64.970000
64.872500
66.340000
67.900000
67.165000
67.660000
66.409900
68.419900
69.400000
69.270000
71.290000
74.980000
75.190000
74.920000
73.710000
74.677000
72.650000
72.360000
73.510000
72.690000
72.470000
73.170000
73.060000
73.440000
72.830000
73.770000
74.296000
73.630000
74.590000
75.290000
74.810000
74.570000
74.570000
75.020000
75.960100
74.630000
73.855000
74.820000
76.680000
75.830000
75.950000
77.260000
77.890000
76.670000
77.430000
77.920000
77.480000
74.580000
76.080000
76.430000
77.000000
77.910000
76.800000
78.290000
78.535000
77.220000
78.790000
79.000000
79.040000
76.550000
77.080000
77.440000
77.555000
76.290000
77.520000
75.910000
72.910000
72.990000
73.590000
73.210000
72.630000
75.950000
76.950000
78.690000
78.370000
80.040000
80.670000
80.280000
80.770000
75.860000
74.110000
74.990000
73.880000
75.760000
74.830000
75.260000
75.600000
75.000000
74.610000
74.720000
74.250000
74.880000
74.240000
74.340000
73.330000
73.600000
73.750000
74.010000
75.630000
77.620000
77.700000
75.100000
75.460000
74.880000
75.240000
76.360000
76.520000
76.840000
76.180000
77.730000
77.830000
76.990000
74.690000
76.110000
78.400000
79.880000
81.450000
80.610000
80.770000
80.775000
80.020000
79.220000
78.020000
78.450000
77.190000
76.150000
76.150000
78.175000
77.740000
76.720000
76.450000
76.280000
74.050000
75.180000
76.240000
76.740000
77.650000
77.830000
77.495000
75.780000
76.240000
78.000000
75.910000
74.990000
75.400000
75.630000
75.615000
74.470000
74.440000
75.190000
76.510000
76.230000
75.740000
75.600000
76.710000
79.420000
79.895000
78.840000
78.450000
79.560000
80.410000
78.970000
79.750000
79.600000
80.895000
81.210000
80.005000
79.440000
77.550000
77.570000
78.930000
78.050000
78.070000
79.365000
80.910000
82.750000
83.800000
84.430000
85.310000
82.920000
83.010000
83.300000
83.195000
82.215000
81.665000
81.555000
82.440000
82.320000
82.275000
82.170000
82.040000
83.010000
83.515000
82.705000
82.310000
80.775000
83.090000
83.620000
84.630000
82.410000
81.530000
81.910000
80.680000
80.465000
78.770000
78.990000
78.810000
77.560000
78.100000
78.425000
78.510000
78.010000
77.460000
78.440000
81.370000
80.420000
80.880000
80.630000
80.550000
80.480000
80.540000
79.335000
80.550000
80.145000
79.190000
80.290000
80.445000
82.440000
82.050000
82.140000
80.670000
80.670000
82.160000
81.830000
81.530000
80.710000
81.060000
81.790000
82.905000
82.510000
84.740000
87.880000
88.860000
87.980000
88.010000
85.800000
85.765000
86.910000
87.285000
87.550000
87.220000
85.650000
85.880000
87.950000
90.100000
89.680000
89.760000
90.850000
94.970000
97.910000
98.390000
97.040000
95.440000
96.950000
94.170000
95.290000
96.990000
95.210000
94.010000
94.140000
94.060000
96.440000
95.120000
94.300000
94.150000
93.620000
94.190000
93.430000
94.420000
93.930000
95.170000
95.310000
90.560000
86.060000
82.090000
83.000000
87.190000
89.730000
91.010000
89.430000
87.230000
89.890000
88.150000
88.260000
89.530000
90.440000
91.980000
92.050000
92.310000
92.900000
93.450000
94.340000
94.400000
95.550000
92.960000
93.970000
94.410000
92.770000
89.210000
86.670000
89.900000
90.950000
92.070000
94.010000
92.800000
92.400000
92.470000
93.240000
94.260000
94.120000
94.070000
95.960000
97.540000
98.470000
97.000000
97.110000
99.670000
102.190000
103.770000
103.700000
104.200000
104.880000
101.970000
103.310000
102.580000
103.940000
108.760000
107.095000
106.490000
107.910000
109.010000
108.020000
103.950000
104.040000
105.130000
107.770000
106.260000
107.320000
106.950000
105.740000
105.410000
105.450000
104.240000
107.120000
106.070000
104.380000
106.180000
105.610000
106.490000
104.600000
105.420000
102.120000
104.660000
104.550000
106.790000
106.220000
104.040000
104.770000
105.510000
104.630000
105.020000
105.930000
107.260000
106.220000
104.660000
102.220000
102.730000
102.970000
97.920000
97.330000
97.510000
99.370000
95.440000
98.370000
94.970000
95.260000
94.350000
94.160000
97.940000
97.010000
97.340000
94.450000
109.110000
112.210000
115.090000
114.610000
112.690000
110.490000
104.070000
99.750000
99.540000
101.000000
101.910000
102.010000
101.610000
105.200000
103.470000
104.570000
107.160000
105.460000
106.880000
108.070000
107.920000
106.920000
109.820000
109.950000
109.580000
108.390000
105.730000
105.930000
107.510000
107.320000
109.410000
109.890000
110.670000
112.180000
111.020000
111.450000
111.850000
112.250000
112.540000
113.050000
113.690000
116.140000
114.700000
114.100000
116.060000
112.550000
112.220000
113.710000
113.640000
110.630000
108.990000
110.610000
110.510000
110.840000
109.640000
110.450000
112.290000
112.420000
113.440000
110.560000
110.100000
108.760000
108.890000
116.730000
117.580000
118.570000
117.430000
118.060000
117.810000
119.490000
119.240000
120.500000
119.520000
120.280000
119.810000
118.670000
117.350000
117.650000
116.810000
117.350000
115.970000
117.700000
117.890000
119.470000
119.380000
118.810000
118.780000
118.930000
118.470000
118.790000
117.760000
118.390000
118.560000
116.620000
113.950000
114.940000
114.600000
114.390000
113.020000
113.370000
114.380000
113.910000
115.080000
112.080000
108.970000
112.700000
114.160000
114.280000
114.190000
114.000000
116.700000
115.850000
117.240000
117.870000
117.930000
116.780000
117.290000
116.860000
119.370000
120.610000
121.920000
120.610000
121.000000
121.630000
121.220000
123.340000
125.000000
123.940000
124.310000
123.090000
122.510000
124.360000
125.150000
125.260000
125.060000
124.880000
124.900000
124.880000
123.900000
123.300000
124.370000
123.910000
123.560000
124.150000
124.370000
123.480000
123.890000
124.960000
126.540000
125.840000
126.120000
126.170000
126.510000
129.730000
131.050000
130.270000
127.100000
128.690000
127.210000
127.770000
128.350000
129.070000
128.650000
128.640000
129.940000
130.080000
127.960000
127.310000
128.690000
129.230000
128.090000
128.270000
128.770000
128.190000
128.470000
128.740000
128.990000
130.240000
128.880000
129.050000
127.820000
127.880000
127.540000
128.570000
130.110000
130.000000
132.070000
133.280000
132.290000
131.040000
129.690000
131.290000
130.990000
129.500000
127.170000
120.000000
120.750000
122.150000
124.220000
123.180000
120.800000
119.020000
115.080000
117.200000
116.340000
117.790000
117.020000
121.770000
121.470000
120.840000
120.380000
120.410000
120.870000
118.420000
115.100000
115.400000
117.430000
117.310000
117.950000
118.910000
119.680000
117.770000
120.310000
120.210000
120.570000
119.870000
119.240000
119.090000
119.040000
117.400000
117.270000
118.010000
116.920000
116.350000
115.050000
116.860000
118.690000
120.670000
123.410000
124.900000
124.350000
126.090000
126.620000
128.340000
127.870000
127.920000
127.550000
127.040000
128.930000
129.370000
131.480000
132.780000
132.180000
130.980000
130.320000
133.230000
130.840000
130.980000
132.060000
131.840000
134.200000
134.140000
134.190000
134.050000
133.850000
133.440000
133.840000
133.530000
133.720000
136.120000
135.360000
135.440000
136.410000
135.540000
137.420000
136.760000
137.170000
137.420000
137.300000
137.720000
138.240000
138.790000
139.600000
139.320000
139.720000
139.990000
139.840000
139.940000
138.510000
139.590000
139.530000
140.340000
140.320000
141.760000
142.650000
142.410000
142.050000
142.280000
141.730000
141.850000
141.170000
140.780000
141.040000
139.920000
139.580000
139.390000
141.420000
140.960000
142.270000
143.800000
143.680000
145.470000
146.490000
146.560000
147.700000
150.250000
152.460000
152.780000
151.800000
150.850000
150.240000
151.060000
150.480000
150.290000
150.040000
150.330000
150.190000
149.780000
144.850000
147.660000
148.060000
148.240000
148.070000
150.040000
151.960000
152.130000
152.380000
151.460000
151.530000
153.610000
153.630000
152.810000
153.120000
154.710000
149.600000
148.440000
150.680000
150.250000
149.800000
150.640000
152.870000
152.250000
153.910000
153.400000
155.070000
153.590000
150.580000
153.240000
151.040000
150.980000
148.430000
150.340000
148.820000
151.440000
153.500000
155.270000
158.900000
159.260000
159.970000
159.730000
162.860000
164.140000
164.530000
164.430000
166.000000
165.280000
165.610000
170.440000
172.450000
169.250000
169.860000
169.300000
168.590000
169.620000
171.980000
171.230000
171.180000
167.400000
168.080000
170.750000
171.000000
170.000000
166.910000
167.410000
167.780000
169.640000
168.710000
167.740000
166.320000
167.240000
168.050000
169.920000
171.970000
172.020000
170.720000
172.090000
173.210000
170.950000
173.510000
172.960000
173.050000
170.960000
171.640000
170.010000
172.520000
172.170000
171.110000
170.540000
162.870000
164.210000
167.680000
168.730000
170.870000
169.470000
169.960000
168.420000
171.240000
172.230000
172.500000
171.590000
172.740000
172.550000
173.740000
174.520000
176.110000
176.030000
174.560000
174.980000
171.270000
171.800000
170.600000
170.630000
177.880000
179.870000
180.060000
182.660000
178.920000
178.920000
180.170000
180.250000
179.560000
179.300000
178.460000
178.770000
178.070000
177.950000
179.590000
179.000000
178.740000
181.860000
180.870000
182.780000
183.030000
182.420000
175.130000
177.180000
175.100000
171.470000
172.830000
176.060000
180.140000
179.000000
179.040000
176.960000
178.300000
178.390000
180.180000
180.820000
179.510000
177.890000
177.450000
177.200000
175.990000
177.620000
177.920000
176.460000
181.420000
184.670000
184.330000
186.850000
188.280000
187.870000
187.840000
187.770000
179.370000
178.390000
177.600000
179.800000
181.290000
185.370000
189.350000
186.550000
187.480000
190.000000
185.980000
187.120000
186.890000
193.090000
190.280000
181.260000
185.310000
180.180000
171.580000
176.110000
176.410000
173.150000
179.520000
179.960000
177.360000
176.010000
177.910000
178.990000
183.290000
184.930000
181.460000
178.320000
175.940000
176.620000
180.400000
179.780000
183.710000
182.340000
185.230000
184.760000
181.880000
184.190000
183.860000
185.090000
172.560000
168.150000
169.390000
164.890000
159.390000
160.060000
152.220000
153.030000
159.790000
155.390000
156.110000
155.100000
159.340000
157.200000
157.930000
165.040000
166.320000
163.870000
164.520000
164.830000
168.660000
166.360000
168.100000
166.280000
165.840000
159.690000
159.690000
174.160000
173.590000
172.000000
173.860000
176.070000
174.020000
176.610000
177.970000
178.920000
182.660000
185.530000
186.990000
186.640000
184.320000
183.200000
183.760000
182.680000
184.490000
183.800000
186.900000
185.930000
184.920000
185.740000
187.670000
191.780000
193.990000
193.280000
192.940000
191.340000
188.180000
189.100000
191.540000
192.400000
192.410000
196.810000
195.850000
198.310000
197.490000
202.000000
201.500000
201.740000
196.350000
199.000000
195.840000
196.230000
194.320000
197.360000
192.730000
198.450000
203.230000
204.740000
203.540000
202.540000
206.920000
207.320000
207.230000
209.990000
209.360000
208.090000
209.940000
210.910000
214.670000
217.500000
176.260000
174.890000
171.060000
172.580000
171.650000
176.370000
177.780000
185.690000
183.810000
185.180000
183.090000
180.260000
180.050000
181.110000
179.530000
174.700000
173.800000
172.500000
172.620000
173.640000
172.900000
174.645000
177.460000
176.260000
175.900000
177.640000
175.730000
171.160000
167.180000
162.530000
163.040000
164.180000
165.940000
162.000000
161.360000
162.320000
160.580000
160.300000
163.060000
166.020000
162.930000
165.410000
164.910000
166.950000
168.840000
164.460000
162.440000
159.330000
162.430000
158.850000
157.330000
157.250000
157.900000
151.380000
153.350000
153.740000
153.520000
158.780000
159.420000
154.920000
154.050000
154.780000
154.390000
146.040000
150.950000
145.370000
142.090000
146.220000
151.790000
151.750000
150.350000
148.680000
149.940000
151.530000
147.870000
144.960000
141.550000
142.160000
144.220000
143.850000
139.530000
131.550000
132.430000
134.820000
131.730000
136.380000
135.000000
136.760000
138.680000
140.610000
141.090000
137.930000
139.630000
137.420000
141.850000
142.080000
144.500000
145.010000
144.060000
140.190000
143.660000
133.240000
133.400000
124.950000
124.060000
134.180000
134.520000
133.200000
131.090000
135.680000
131.740000
137.950000
138.050000
142.530000
144.230000
144.200000
143.800000
145.390000
148.950000
147.540000
148.300000
150.040000
147.570000
144.300000
145.830000
149.010000
147.470000
144.190000
150.420000
166.690000
165.710000
169.250000
171.160000
170.490000
166.380000
167.330000
165.790000
165.040000
164.070000
163.950000
162.500000
162.290000
162.560000
160.040000
161.890000
164.620000
164.130000
162.810000
161.450000
162.280000
167.370000
171.260000
172.510000
169.130000
169.600000
172.070000
171.920000
173.370000
170.170000
165.980000
160.470000
161.570000
165.440000
166.080000
164.340000
166.290000
167.680000
165.870000
165.550000
166.690000
168.700000
174.200000
173.540000
176.020000
175.720000
174.930000
177.580000
177.820000
177.510000
179.100000
179.650000
178.870000
178.780000
178.280000
181.440000
183.780000
182.580000
193.260000
191.490000
194.780000
193.400000
193.030000
192.530000
195.470000
193.880000
189.770000
189.540000
188.650000
188.340000
181.540000
180.730000
186.270000
186.990000
185.300000
182.720000
184.820000
185.320000
180.870000
181.060000
184.310000
182.190000
183.010000
177.470000
164.150000
167.500000
168.170000
168.330000
173.350000
174.820000
178.100000
175.040000
177.470000
181.330000
189.010000
188.470000
187.480000
189.530000
191.140000
192.600000
188.840000
187.660000
189.500000
193.000000
193.000000
195.000000
197.200000
196.400000
195.760000
199.210000
202.730000
201.230000
204.870000
203.910000
203.840000
201.800000
200.780000
198.360000
202.320000
202.360000
204.660000
200.710000
199.750000
195.940000
197.040000
194.230000
192.730000
189.020000
181.730000
184.510000
185.150000
190.160000
187.850000
185.370000
188.450000
179.710000
182.590000
183.700000
186.170000
183.810000
183.550000
182.040000
177.750000
180.360000
181.300000
181.760000
185.570000
185.670000
182.390000
187.140000
190.900000
187.490000
188.760000
186.170000
188.490000
187.470000
187.190000
186.220000
188.080000
188.140000
190.140000
189.930000
186.820000
181.280000
182.800000
180.110000
177.100000
178.080000
175.810000
174.600000
179.380000
180.450000
179.680000
177.750000
179.850000
180.030000
184.190000
183.280000
188.890000
189.550000
190.390000
185.850000
189.760000
182.340000
186.150000
186.380000
187.890000
189.400000
189.310000
188.250000
191.650000
193.620000
194.720000
194.320000
191.550000
190.420000
190.840000
189.610000
194.470000
193.190000
193.150000
195.100000
197.400000
199.320000
197.510000
197.930000
198.820000
199.790000
198.970000
202.000000
201.640000
199.700000
198.820000
198.710000
199.360000
201.050000
201.340000
200.870000
202.260000
196.750000
194.110000
197.920000
198.390000
202.500000
206.060000
206.300000
206.180000
205.120000
207.790000
208.100000
204.410000
205.250000
209.780000
208.670000
212.600000
213.060000
215.220000
218.300000
218.060000
221.910000
219.060000
221.150000
221.770000
222.140000
221.440000
221.320000
219.760000
217.940000
214.870000
217.790000
223.230000
209.530000
201.910000
204.190000
209.830000
210.110000
210.850000
212.330000
213.060000
207.190000
210.760000
213.140000
214.180000
217.800000
217.490000
214.580000
210.180000
200.720000
196.770000
197.200000
189.750000
192.470000
196.440000
185.890000
191.760000
185.170000
181.090000
169.500000
178.190000
170.240000
154.470000
170.280000
146.010000
149.420000
146.960000
153.130000
149.730000
148.100000
160.980000
156.210000
163.340000
156.790000
165.950000
166.800000
159.600000
158.190000
154.180000
165.550000
168.830000
174.280000
175.190000
174.790000
178.170000
176.970000
176.250000
179.240000
178.240000
170.800000
182.280000
185.130000
190.070000
187.500000
182.910000
194.190000
204.710000
202.270000
205.260000
207.070000
208.470000
211.260000
212.350000
213.180000
210.100000
205.100000
206.810000
210.880000
213.190000
216.880000
229.970000
231.390000
234.910000
