100.335000
108.310000
109.400000
104.870000
106.000000
107.910000
106.150000
102.010000
102.370000
100.250000
101.510000
100.010000
101.580000
102.300000
102.310000
105.330000
107.500000
111.490000
112.000000
113.970000
117.490000
119.360000
117.840000
118.380000
120.820000
119.830000
118.260000
126.860000
131.080000
129.600000
132.580000
135.060000
138.370000
137.080000
138.850000
137.730000
135.260000
137.400000
140.900000
142.000000
144.110000
149.160000
147.940000
140.490000
149.380000
172.430000
187.400000
181.800000
185.970000
193.300000
190.640000
196.030000
194.870000
191.670000
184.700000
169.350000
172.550000
168.700000
167.860000
183.020000
182.000000
184.870000
172.545000
172.500000
167.540000
169.400000
165.100000
167.520000
174.760000
179.390000
181.050000
181.980000
179.960000
179.400000
180.400000
176.290000
171.430000
169.980000
173.430000
171.650000
170.450000
178.690000
179.780000
176.470000
180.080000
185.020000
183.750000
186.300000
187.900000
191.910000
192.760000
192.900000
197.600000
192.790000
202.710000
194.500000
193.510000
188.550000
193.850000
195.060000
193.540000
195.380000
195.330000
199.970000
203.900000
197.300000
193.920000
188.280000
180.720000
177.120000
189.240000
188.080000
190.340000
195.620000
191.900000
205.960000
210.860000
204.360000
196.030000
198.640000
191.580000
187.980000
187.400000
192.990000
195.230000
198.410000
197.900000
197.950000
191.370000
193.950000
188.890000
185.870000
187.990000
186.060000
185.180000
187.005000
185.900000
188.810000
185.200000
181.350000
179.980000
177.800000
174.990000
178.610000
175.600000
179.290000
180.040000
180.880000
178.600000
178.980000
179.250000
181.420000
179.570000
180.450000
180.510000
180.040000
185.290000
188.570000
189.220000
193.760000
192.050000
193.230000
193.955000
192.930000
191.450000
185.000000
186.970000
191.400000
198.100000
204.750000
215.810000
223.530000
218.750000
219.780000
219.450000
220.000000
222.290000
226.190000
228.500000
226.980000
228.020000
226.020000
227.800000
231.290000
228.720000
229.240000
231.050000
233.130000
239.160000
239.180000
241.610000
255.450000
256.000000
260.810000
259.200000
266.000000
277.270000
288.000000
287.900000
280.260000
290.940000
293.120000
279.560000
286.310000
282.500000
282.750000
278.350000
274.800000
277.440000
280.300000
286.700000
287.840000
289.300000
289.710000
297.250000
304.100000
302.000000
292.720000
294.150000
291.250000
295.710000
291.525000
295.540000
296.230000
293.350000
291.784000
298.860000
300.890000
301.190000
299.540000
309.900000
312.000000
313.940000
302.400000
295.850000
296.090000
296.930000
293.500000
287.760000
291.609900
299.190000
297.300000
297.730000
292.350000
291.250000
291.570000
285.680000
284.050000
289.721000
284.000000
285.650000
285.100000
279.990000
280.000000
274.010000
279.580000
282.570000
282.590000
283.580000
288.450000
287.270000
286.000000
286.250000
288.450000
287.110000
294.870000
295.390000
299.090000
309.740000
311.680000
303.000000
302.620000
300.200000
303.790000
307.910000
311.900000
311.370000
315.360000
314.280000
313.940000
306.000000
309.620000
316.460000
318.680000
311.000000
310.710000
312.750000
312.990000
310.650000
306.100000
300.970000
297.440000
296.140000
305.000000
303.280000
308.700000
303.200000
339.900000
348.650000
346.910000
355.440000
353.060000
358.170000
372.140000
379.380000
379.680000
385.950000
390.430000
395.030000
389.900000
379.150000
391.100000
390.400000
396.970000
392.800000
398.150000
403.450000
400.210000
409.360000
416.470000
422.860000
428.620000
423.480000
403.540000
404.912500
414.090100
417.700000
405.850000
404.540000
404.220000
410.650000
409.200000
412.612000
417.490000
418.960000
422.530000
430.150000
424.600000
429.740000
426.330000
432.040000
430.930000
424.640000
426.690000
420.150000
414.860000
435.230000
445.240000
451.240000
465.660000
466.900100
469.760000
471.630000
463.630000
466.250000
467.110000
444.909900
436.445000
399.460100
427.500000
443.030000
433.000000
434.265000
433.490000
426.820000
432.660100
401.780000
396.040000
381.555000
385.100000
367.920000
369.080000
358.770000
362.610000
345.700000
343.320000
342.380000
366.460000
368.750000
366.590000
365.490000
378.070000
377.400000
390.375000
362.620000
364.800000
376.450000
378.180000
368.100000
364.450000
353.880000
343.000000
337.500000
337.060000
351.160000
344.500000
338.770000
339.790000
348.190000
339.920000
340.220000
341.890000
365.800000
369.690000
377.200000
394.980000
388.440000
390.000000
389.700000
404.340000
407.990000
411.180000
406.160000
416.380000
409.660000
408.950000
402.160000
406.820000
404.240000
410.500000
415.000000
437.100000
440.500000
427.160000
425.970000
420.030000
417.940000
398.900000
394.800000
394.170000
394.750000
394.300000
394.780000
408.800000
402.980000
387.000000
374.130000
376.200000
371.300000
374.500000
370.990000
370.020000
370.950000
375.580000
381.250000
382.990000
381.350000
371.940000
371.820000
382.620000
379.440000
374.440000
389.990000
386.510000
393.300000
388.290400
381.540000
386.525000
384.390000
391.000000
390.700000
388.140000
387.170000
402.130000
399.950000
404.860000
404.220000
402.320000
406.110000
417.810000
419.330000
423.200000
421.460000
423.190000
420.450000
418.200000
424.560000
417.250000
408.830000
403.500000
407.890000
403.050000
399.000000
387.120000
390.108000
390.900000
389.360000
385.500000
382.400000
388.120000
386.600000
375.510000
367.230000
375.390000
373.850000
377.950000
381.000000
376.940000
374.200000
368.500000
369.430000
380.970000
387.720000
385.800000
383.360000
377.300000
378.290000
373.430000
373.730000
373.260000
380.950000
378.950000
380.750000
378.530000
378.600000
384.360000
380.140000
378.490000
377.850000
384.090000
391.900000
406.570000
403.980000
409.880000
414.690000
403.810000
397.000000
406.850000
403.780000
403.980000
406.870000
402.920000
403.580000
401.900000
401.440000
404.040000
415.700000
411.810000
420.500000
429.000000
426.650000
426.500000
427.440000
427.300000
421.750000
420.640000
419.310000
426.060000
459.670000
480.780000
473.310000
486.601000
485.100000
475.200000
476.570000
476.390000
467.500000
469.910000
471.798000
476.950000
472.570000
475.000000
472.630000
473.550000
481.030000
489.300000
491.930000
495.900000
498.790000
495.050000
509.650000
508.010000
505.000000
484.750000
489.500000
484.650000
484.810000
480.800000
484.850000
487.000000
488.710000
482.640000
484.110000
483.930000
481.780000
478.990000
482.120000
480.300000
462.800000
468.630000
462.900000
456.200000
455.580000
457.530000
468.030000
462.560000
460.480000
467.590000
483.260000
487.190000
483.580000
485.500000
489.460000
499.720000
505.000000
504.280000
497.280000
487.830000
489.750000
480.840000
479.050000
499.070000
488.090000
495.840000
492.470000
494.320000
501.500000
481.750000
481.500000
467.160000
471.480000
470.010000
471.030000
461.890000
458.290000
459.100000
465.930000
461.470000
469.940000
472.100000
475.860000
475.850000
470.620000
464.930000
448.770000
449.450000
448.230000
438.680000
440.945000
457.550000
455.640000
454.720000
452.960000
454.750000
443.030000
448.000000
446.190000
440.850000
447.230000
445.280000
456.550000
462.040000
461.830000
465.000000
463.620000
461.880000
460.920000
458.160000
458.530000
472.600000
471.020000
471.510000
468.210000
466.500000
464.530000
467.390000
466.290000
474.270000
472.800000
476.010000
471.650000
482.480000
479.080000
477.530000
477.990000
481.180000
479.010000
471.380000
469.000000
465.780000
473.230000
471.120000
467.270000
466.810000
469.250000
461.470000
466.740000
461.780000
458.000000
472.610000
470.960000
470.320000
470.600000
475.860000
473.970000
474.330000
483.520000
487.110000
498.600000
497.909000
500.397000
507.070000
518.840000
518.250000
515.060000
515.490000
511.340000
504.770000
505.240000
502.840000
505.890000
515.200000
514.310000
509.970000
514.110000
524.980000
527.420000
530.260000
526.290000
525.010000
522.700100
530.380000
534.340000
541.630000
539.400000
542.560000
543.340000
544.470000
545.330000
552.160000
552.990000
555.000000
549.500000
548.590000
520.120000
512.510000
514.000100
509.760000
508.000000
511.890000
516.110000
510.000000
512.940000
511.010000
503.000000
510.000000
516.020000
525.780000
514.730000
515.750000
515.500000
508.600000
497.550000
491.520000
500.040000
497.920000
506.610000
512.750000
512.190000
515.000000
513.260000
506.400000
512.880000
511.400000
515.250000
525.150000
527.800000
523.520000
519.350000
514.480000
521.330000
522.650000
524.780000
528.750000
525.300000
535.270000
546.850000
552.830000
560.100000
568.020000
569.000000
568.160000
567.500000
567.270000
582.549900
584.390000
584.019900
579.030000
594.050000
609.620000
615.185000
625.390000
622.000000
637.390000
620.110000
616.000000
633.480000
639.620000
644.710000
650.750000
675.770000
675.820000
668.510000
674.600000
679.230000
694.770000
707.000000
703.210000
711.250000
725.650000
741.790000
732.939900
693.840000
663.970000
632.070000
660.550000
641.680000
629.650000
633.630000
625.850000
648.540000
660.520000
676.700000
666.000000
673.570000
692.260000
697.000000
693.000000
681.530000
684.160000
698.510000
715.260000
714.870000
718.420000
699.204000
699.350000
694.050000
689.960000
669.230000
673.350000
677.370000
689.690000
696.690000
700.730000
710.840000
700.740000
702.530000
691.480000
685.190000
685.330000
657.000000
649.250000
631.679900
653.200000
646.730000
638.250000
653.820000
637.650000
615.950000
600.790000
600.250000
584.350000
548.620100
574.490000
566.400000
555.980000
550.520000
548.270000
564.300000
515.900000
495.430000
506.799500
501.710000
504.950000
516.690000
521.160000
518.090000
534.620000
532.250000
529.640000
508.950000
509.000000
502.860000
507.800000
486.440000
464.190000
472.860000
475.390000
471.180000
457.020000
444.600000
447.699900
432.700000
433.350000
413.620000
439.839900
440.180000
443.010000
437.920000
419.870000
439.160000
432.000000
433.550000
460.560000
450.780000
458.190000
444.080000
438.080000
440.470000
465.710000
465.700000
455.120000
471.090000
476.820000
467.810000
464.190000
469.080000
457.450000
451.660000
446.840000
455.030000
449.540000
539.410000
537.790000
555.000000
546.490000
543.040000
544.060000
552.120000
558.470000
574.290000
593.080000
581.290000
594.900000
586.360000
579.000000
583.010000
573.200000
584.940000
583.000000
576.300000
581.000000
580.070100
577.520000
578.600000
549.990000
549.460000
544.620000
560.900000
568.240000
583.000000
585.800000
575.000000
567.300000
572.220000
586.300000
567.000000
557.870000
554.170000
545.200000
552.950000
571.510000
572.810000
569.460000
562.380000
560.200000
546.430000
545.210000
542.300000
551.000000
528.820000
528.070000
526.420000
534.730000
527.040000
537.000000
543.910000
554.530000
541.550000
540.570000
533.800000
521.620000
516.090000
535.600000
533.440000
481.320000
468.800000
477.110000
489.220000
475.620000
491.980000
477.120000
483.110000
482.700000
473.750000
467.860000
463.000000
479.850000
486.340000
479.120000
495.010000
500.840000
502.610000
500.030000
505.490000
510.150000
498.300000
490.500000
485.000000
486.530000
490.590000
483.010000
474.160000
468.580000
473.780000
463.290000
465.250000
464.410000
450.260000
444.250000
419.950000
418.660000
414.160000
433.750000
437.660000
433.860000
442.930000
414.490000
439.080000
449.150000
430.140000
429.270000
435.110000
439.600000
431.040000
381.000000
400.520000
411.720000
390.490000
386.910000
371.210000
346.010000
338.110000
328.980000
332.000000
381.020000
362.710000
339.170000
353.020000
372.540000
379.320000
362.750000
355.670000
352.320000
339.290000
329.490000
368.750000
358.000000
359.690000
359.360000
346.490000
366.940000
342.240000
331.220000
331.140000
318.780000
311.460000
291.000000
312.080000
310.020000
300.120000
297.420000
280.180000
259.560000
262.430000
257.440000
282.050000
292.090000
292.960000
265.990000
275.110000
279.430000
274.340000
283.990000
302.110000
305.970000
308.820000
300.220000
315.760000
310.670000
325.280000
315.240000
310.280000
310.170000
297.110000
298.020000
302.950000
300.360000
297.420000
303.110000
307.650000
321.320000
328.050000
334.060000
322.010000
325.190000
315.070000
312.690000
314.320000
300.970000
298.990000
299.670000
282.750000
303.080000
306.500000
324.700000
323.870000
331.480000
348.670000
343.320000
338.530000
340.570000
340.450000
343.000000
353.720000
371.280000
378.770000
358.510000
358.040000
363.050000
357.680000
342.660000
353.110000
342.640000
346.450000
330.060000
345.450000
341.640000
337.180000
337.990000
327.160000
325.480000
318.920000
305.640000
308.570000
290.890000
308.170000
317.910000
323.530000
324.420000
319.690000
335.340000
333.100000
329.940000
330.160000
348.601000
347.320000
344.070000
353.290000
347.700000
342.690000
348.060000
354.090000
362.500000
369.780000
368.240000
358.650000
362.000000
372.500000
378.110000
368.910000
379.500000
388.740000
392.240000
379.300000
381.470000
383.860000
384.690000
389.490000
385.950000
383.710000
391.470000
395.970000
393.690000
401.979300
402.990000
403.470000
396.610000
407.330000
407.980000
399.010000
389.540000
387.500000
390.000000
396.840000
398.880000
397.180000
396.500000
393.500000
404.360000
405.560000
410.400000
417.230000
426.560000
428.400000
431.650000
440.280000
444.320000
438.770000
435.620000
432.600000
429.000000
424.840000
416.770000
416.000000
415.160000
414.060000
420.090000
407.350000
405.680000
409.290000
415.770000
425.320000
424.140000
421.590000
418.990000
408.490000
409.610000
396.630000
402.490000
410.390000
414.400000
424.300000
424.690000
438.170000
442.600000
430.250000
430.170000
427.900000
427.690000
437.342000
446.720000
444.800000
439.850000
436.240000
445.640000
443.050000
452.210000
453.734000
451.140000
450.360000
457.100000
456.610000
453.936000
458.580000
462.280000
460.000000
444.890000
445.280000
443.970000
460.410000
465.240000
468.730000
471.370000
468.000000
466.060000
464.750000
461.670000
455.761000
453.010000
457.520000
461.300000
458.620000
463.970000
470.940000
472.140000
475.120000
477.540000
488.290000
491.720000
491.460000
497.000000
499.060000
498.460000
496.770000
492.480000
498.530000
498.530000
495.850000
487.200000
484.580000
488.520000
498.740000
517.540000
514.180000
516.250000
524.040000
526.110000
535.320000
529.910000
549.850000
552.090000
551.720000
551.100000
554.090000
553.690000
554.210000
548.290000
540.300000
551.050000
536.120000
533.990000
537.290000
540.330000
548.650000
551.100000
562.510000
566.760000
570.560000
567.850000
572.050000
576.280000
577.490000
576.650000
572.990000
569.964000
582.350000
583.090000
585.740000
579.760000
583.000000
589.870000
587.510000
585.740000
585.010000
586.250000
587.050000
589.020000
591.500000
590.510000
595.730000
593.140000
597.760000
593.940000
596.420000
598.680000
601.120000
611.680000
618.480000
622.870000
619.400000
622.730000
619.980000
626.750000
623.990000
608.260000
594.100000
602.020000
601.110000
590.480000
587.090000
589.850000
580.000000
587.620000
580.410000
582.980000
550.010000
540.000000
542.420000
542.100000
534.290000
529.944000
533.020000
531.120000
540.820000
526.778000
531.290000
533.470000
536.440000
534.445000
536.400000
533.120000
541.300000
538.207000
543.220000
540.763000
542.800000
535.070000
531.470000
526.430000
526.800000
532.690000
541.060000
545.320000
554.590000
564.210000
562.480000
560.190000
576.450000
581.140000
579.540000
563.180000
565.200000
565.560000
566.400000
560.000000
557.500000
549.000000
557.330000
562.880000
562.690000
562.450000
566.710000
567.120000
568.800000
571.010000
568.220000
563.540000
567.490000
566.220000
572.730000
586.770000
589.000000
595.300000
550.145000
550.100000
555.040000
554.300000
547.060000
544.990000
531.640000
529.060000
529.190000
532.000000
525.695000
530.600000
506.370000
509.760000
498.670000
493.140000
521.650000
509.050000
505.390000
510.880000
507.530000
507.970000
498.370000
494.430000
475.010000
472.050000
477.160000
477.070000
475.470000
490.460000
485.630000
482.370000
493.370000
505.600000
498.720000
485.520000
484.780000
474.020000
487.010000
488.500000
483.190000
497.990000
501.270000
500.080000
500.030000
488.560000
486.250000
482.050000
475.100000
472.680000
472.080000
454.260000
444.950000
439.490000
436.550000
436.070000
450.200000
456.560000
467.490000
475.830000
489.200000
491.336000
494.020000
459.605000
466.180000
481.590000
477.500000
484.810000
490.060000
488.970000
492.630000
484.350000
484.990000
484.850000
490.410000
489.830000
506.320000
508.100000
500.220000
505.350000
503.710000
491.740000
492.010000
486.350000
485.590000
490.520000
482.150000
467.970000
462.020000
464.070000
451.390000
454.620000
450.980000
458.830000
452.690000
450.020000
460.330000
463.180000
470.300000
464.400000
470.580000
476.180000
476.140000
482.270000
480.430000
480.640000
481.060000
490.150000
508.280000
513.460000
516.000000
513.480000
527.290000
530.410000
527.170000
527.690000
525.790000
525.620000
522.350000
538.230000
534.350000
530.010000
536.350000
538.840000
541.390000
543.300000
540.930000
601.450000
617.710000
607.830000
607.980000
611.990000
612.530000
616.500000
618.600000
616.470000
618.580000
613.700000
615.000000
615.600000
620.180000
624.270000
625.080000
626.770000
624.820000
622.880000
617.190000
603.290000
595.470000
583.720000
583.550000
596.560000
590.830000
591.220000
583.010000
594.970000
590.000000
582.110000
555.710000
564.350000
571.820000
573.000000
578.360000
587.140000
590.540000
591.500000
592.210000
594.620000
594.910000
590.300000
591.710000
590.800000
595.060000
603.070000
605.490000
604.230000
602.380000
598.920000
601.000000
598.860000
593.970000
604.350000
602.120000
609.070000
613.500000
616.440000
614.210000
616.010000
616.870000
616.690000
624.180000
639.630000
631.750000
626.770000
611.830000
611.080000
619.910000
616.500000
616.790000
600.990000
600.360000
611.040000
612.000000
610.150000
610.980000
614.295000
618.380000
616.500000
616.440000
624.500000
628.150000
624.150000
624.220000
625.260000
630.080000
610.210000
611.320000
608.820000
610.040000
613.400000
600.760000
600.790000
609.560000
600.620000
591.660000
592.310000
591.770000
580.300000
576.710000
569.990000
569.560000
557.100000
561.360000
561.060000
576.500000
577.320000
582.160000
586.890000
579.740000
575.360000
581.730000
581.840000
586.760000
591.800000
587.680000
569.090000
574.180000
580.000000
578.160000
577.370000
570.610000
576.280000
578.510000
530.700000
526.840000
521.530000
525.730000
525.100000
525.050000
532.820000
537.760000
537.970000
544.100000
538.560000
533.890000
535.790000
534.270000
535.300000
537.680000
542.660000
535.450000
535.050000
529.550000
518.420000
530.460000
529.810000
531.250000
524.030000
518.390000
518.260000
519.670000
518.130000
520.900000
529.020000
525.600000
528.060000
523.080000
521.060000
519.030000
519.170000
516.730000
509.505000
504.730000
508.370000
502.950000
500.370000
485.020000
484.580000
493.000000
487.005000
480.220000
474.880000
482.800000
493.650000
497.570000
506.380000
521.028000
532.440000
535.360000
546.600000
531.990000
527.280000
534.010000
538.260000
528.940000
597.620000
594.940000
602.550000
595.350000
606.990000
618.230000
618.980000
622.520000
607.220000
610.940000
603.690000
606.770000
592.400000
601.170000
577.520000
579.040000
546.020000
573.410000
549.010000
562.130000
563.770000
557.230000
539.000000
533.150000
504.880000
490.920000
498.170000
518.820000
523.290000
520.040000
526.860000
539.080000
540.700000
540.960000
532.500000
524.840000
522.180000
534.030000
534.960000
524.850000
530.120000
529.520000
532.070000
542.560000
546.680000
546.670000
546.625000
539.200000
520.660000
525.510000
531.890000
539.340000
528.840000
527.500000
515.040000
495.520000
501.900000
504.700000
514.710000
515.120000
537.170000
543.180000
548.500000
558.990000
591.680000
582.410000
590.510000
580.700000
583.670000
590.490000
596.420000
583.160000
586.310000
598.670000
600.140000
592.640000
578.650000
584.820000
597.500000
596.140000
608.330000
612.340000
600.950000
595.080000
608.350000
613.000000
616.560000
611.470000
600.870000
594.880000
580.940000
580.000000
570.110000
563.000000
588.190000
582.930000
599.390000
613.770000
620.360000
625.650000
623.770000
623.390000
616.050000
627.420000
625.390000
625.630000
618.070000
619.540000
625.960000
621.830000
630.370000
625.820000
629.700000
633.140000
640.250000
639.700000
642.400000
645.900000
665.410000
668.280000
659.010000
650.020000
622.460000
623.140000
625.960000
629.640000
624.990000
628.580000
632.910000
639.570000
585.990000
585.520000
580.930000
569.490000
568.100000
579.980000
577.690000
580.110000
580.830000
585.110000
596.330000
609.090000
606.770000
609.850000
611.460000
605.910000
612.200000
609.760000
605.560000
606.520000
604.640000
614.000000
607.940000
606.110000
609.900000
609.310000
618.390000
618.250000
622.400000
621.250000
614.250000
604.960000
606.800000
607.140000
600.250000
605.150000
617.780000
615.990000
621.130000
625.040000
633.980000
633.490000
639.980000
646.050000
642.590000
649.330000
647.020000
655.760000
648.410000
641.240000
646.920000
642.620000
635.150000
632.320000
630.840000
626.860000
635.960000
651.010000
624.600000
606.070000
609.570000
607.450000
599.300000
596.060000
597.600000
601.270000
609.720000
615.470000
614.980000
604.850000
604.430000
607.260000
611.020000
596.970000
607.550000
612.790000
609.150000
613.660000
605.230000
604.000000
611.110000
628.930000
623.050000
600.400000
614.110000
600.800000
609.460000
603.660000
591.530000
594.340000
588.230000
580.860000
570.980000
578.590000
570.410000
580.570000
578.230000
580.450000
568.500000
565.100000
561.090000
559.050000
564.510000
570.850000
581.530000
577.510000
565.210000
571.480000
560.700000
564.680000
569.300000
564.310000
580.070000
580.470000
587.830000
595.920000
585.980000
586.010000
581.700000
571.190000
570.480000
576.520000
574.920000
576.730000
580.760000
593.060000
610.820000
615.510000
607.570000
607.990000
613.360000
634.960000
632.300000
632.970000
632.680000
628.750000
641.330000
642.820000
640.540000
642.230000
642.350000
642.000000
660.010000
668.660000
667.540000
672.870000
677.140000
675.540000
669.510000
677.180000
676.800000
678.630000
669.220000
677.250000
688.010000
681.680000
685.090000
681.040000
680.720000
699.400000
706.150000
700.770000
692.190000
690.880000
706.040000
709.680000
709.980000
718.280000
727.500000
728.116600
733.990000
749.380000
749.160000
753.460000
756.500000
754.500000
761.780000
756.990000
762.500000
768.050000
767.650000
757.840000
744.090000
744.560000
751.480000
744.750000
740.980000
744.700000
755.490000
695.000000
681.790000
678.670000
680.350000
677.302200
677.760000
675.150000
680.297600
687.590000
687.918000
682.960000
681.720000
667.120000
652.290000
663.030000
665.900000
659.053200
652.550000
647.260000
647.180000
668.210000
669.970000
665.870000
667.970000
661.150000
670.710000
683.670000
691.890000
698.370000
695.250000
691.030000
687.820000
691.130000
684.210000
685.420000
696.880000
697.560000
702.700000
701.963200
720.780000
721.070000
720.110000
722.360000
715.630000
709.500000
708.870000
706.290000
700.010000
707.380000
723.250000
723.670000
737.970000
734.750000
733.300000
738.118000
741.480000
739.990000
723.250000
724.930000
715.190000
711.320000
704.510000
702.870000
741.500000
753.830000
753.670000
750.730000
753.680000
753.830000
755.690000
775.600000
759.020000
765.740000
770.170000
773.950000
785.370000
782.420000
780.700000
782.860000
787.820000
792.890000
806.850000
792.460000
795.530000
799.710000
790.770000
790.130000
799.780000
801.200000
806.190000
821.504000
838.604000
831.380000
832.596000
831.520000
834.820000
827.610000
825.310000
821.540000
814.302000
807.790000
811.320000
814.708000
811.260000
810.310000
809.640000
812.420000
802.660000
794.188000
801.190000
813.040000
806.202000
795.070000
783.050000
774.850000
777.650000
790.180000
790.390000
790.050000
781.930000
793.370000
782.560000
765.914000
799.870000
800.114000
807.900000
813.454000
809.100000
801.420000
819.060000
824.570000
820.430000
829.610000
845.720000
861.550000
857.230000
873.630000
871.480000
880.230000
877.530000
887.100000
915.890000
903.870000
909.180000
908.530000
906.970000
889.420000
882.790000
873.320000
881.270000
868.310000
870.760000
871.218000
867.630000
859.100000
859.700000
864.640000
879.730000
890.220000
879.810000
871.980000
877.000000
875.040000
886.250000
900.620000
900.680000
884.740000
880.930000
869.790000
866.200000
873.650000
877.070000
880.370000
887.880000
882.310000
886.430000
893.490000
905.090000
905.240000
905.990000
920.240000
923.000000
924.690000
919.608000
918.550000
910.680000
896.598000
910.700000
903.800000
902.900000
887.700000
885.350000
882.270000
890.920000
887.750000
904.220000
906.570000
905.000000
896.570000
890.650000
892.660000
890.410000
885.510000
881.250000
869.810000
859.660000
856.908000
865.650000
865.420000
869.330000
873.710000
870.210000
866.390000
850.150000
848.550000
855.430000
846.900000
860.380000
871.634000
879.560000
879.580000
888.054000
888.670000
896.190000
893.064000
889.068000
887.760000
886.110000
903.320000
898.390000
903.110000
886.500000
886.840000
877.230000
878.170000
876.390000
875.910000
887.004000
887.990000
876.090000
872.350000
865.740000
853.670000
855.860000
868.240000
871.990000
876.110000
882.010000
898.029000
888.794000
1011.410000
1003.300000
1007.000000
1031.410000
1025.550000
1015.200000
1015.000000
1036.240000
1030.420000
1030.580000
1027.040000
1026.110000
1021.520000
1022.750000
1007.950000
1016.030000
1010.590000
1011.780000
1032.470000
1035.230000
1033.560000
1031.550000
1025.200000
1022.310000
1034.070000
1031.890000
1045.930000
1058.410000
1063.110000
1059.590000
1054.480000
1053.260000
1058.180000
1057.340000
1069.870000
1078.140000
1084.660000
1077.290000
1069.960000
1060.790000
1072.980000
1069.860000
1084.750000
1086.220000
1100.620000
1115.100000
1111.840000
1117.460000
1118.400000
1109.460000
1120.710000
1113.120000
1105.000000
1117.320000
1138.860000
1141.230000
1130.240000
1130.180000
1122.980000
1149.400000
1148.620000
1156.220000
1150.530000
1163.700000
1165.020000
1160.100000
1123.830000
1101.230000
1123.010000
1106.920000
1135.390000
1180.970000
1133.430000
1138.160000
1143.200000
1159.960000
1177.440000
1172.930000
1190.180000
1186.690000
1199.900000
1202.800000
1210.880000
1202.340000
1204.110000
1203.790000
1212.510000
1220.000000
1220.170000
1219.210000
1215.650000
1202.690000
1214.910000
1218.260000
1219.610000
1214.790000
1211.570000
1199.990000
1207.300000
1189.060000
1172.800000
1192.100000
1211.260000
1199.250000
1197.160000
1183.040000
1157.930000
1158.720000
1131.970000
1114.280000
1120.150000
1114.510000
1134.890000
1135.100000
571.500000
545.250000
540.630000
557.510000
567.040000
546.690000
537.760000
545.200000
548.700000
563.900000
543.340000
539.370000
545.500000
537.510000
534.440000
523.100000
522.980000
536.330000
534.880000
538.530000
533.870000
535.330000
522.570000
518.000000
520.170000
526.620000
538.430000
541.540000
534.410000
529.120000
528.300000
538.830000
540.390000
549.700000
555.450000
563.800000
574.870000
570.450000
570.560000
571.650000
564.340000
554.510000
553.760000
564.930000
566.030000
570.730000
568.300000
567.500000
559.500000
560.350000
552.300000
550.615000
560.660000
564.990000
566.520000
574.290000
572.540000
585.930000
584.770000
585.690000
584.670000
591.490000
590.780000
593.080000
590.760000
578.400000
583.360000
580.040000
586.650000
594.260000
593.060000
590.620000
580.820000
605.110000
598.440000
603.570000
605.190000
603.010000
598.080000
599.020000
593.950000
595.440000
579.550000
573.600000
582.270000
573.140000
574.490000
571.810000
577.940000
577.250000
572.120000
584.560000
584.650000
583.710000
592.700000
597.110000
595.410000
592.420000
592.540000
590.570000
588.120000
583.000000
580.320000
582.360000
588.630000
589.520000
593.140000
597.780000
601.630000
591.970000
593.420000
591.110000
584.900000
581.640000
588.780000
593.290000
597.270000
605.400000
597.270000
591.180000
598.420000
585.250000
587.900000
587.810000
588.410000
579.630000
580.880000
586.250000
587.780000
574.100000
583.740000
570.810000
555.190000
544.750000
548.690000
540.730000
536.920000
522.970000
532.380000
538.030000
542.690000
553.650000
548.900000
549.880000
558.940000
558.450000
560.270000
567.870000
563.770000
564.190000
555.950000
551.690000
551.820000
558.230000
561.290000
558.250000
556.440000
555.190000
546.640000
544.510000
547.200000
543.760000
545.890000
547.480000
549.230000
547.730000
549.080000
539.650000
538.590000
536.970000
542.580000
528.080000
530.730000
536.110000
528.040000
532.110000
521.510000
515.840000
498.160000
506.450000
514.620000
520.040000
532.300000
538.770000
536.930000
541.520000
537.310000
535.280000
530.660000
529.550000
519.460000
506.640000
505.150000
506.910000
500.720000
497.060000
501.800000
505.930000
504.010000
510.455000
509.940000
520.390000
537.300000
541.950000
536.720000
521.190000
512.430000
513.230000
537.550000
532.200000
533.300000
526.100000
529.830000
533.875000
529.280000
540.160000
538.000000
546.010000
551.160000
545.010000
542.650000
546.450000
541.800000
535.000000
538.650000
547.330000
559.290000
562.630000
575.020000
578.795000
578.330000
581.435000
572.900000
574.100000
559.850000
555.690000
561.170000
553.000000
561.640000
557.610000
566.160000
563.670000
564.950000
565.370000
577.540000
567.000000
563.640000
557.550000
561.135000
554.700000
549.490000
541.310000
543.950000
544.860000
548.840000
548.020000
548.540000
548.640000
539.780000
541.040000
543.520000
532.740000
544.530000
542.925000
549.180000
557.460000
573.660000
566.120000
564.370000
561.390000
548.770000
551.160000
552.840000
543.045000
535.080000
542.040000
548.950000
545.780000
538.730000
539.490000
549.200000
546.490000
546.670000
549.280000
552.510000
556.810000
554.520000
547.190000
554.250000
554.180000
545.320000
549.210000
553.950000
555.290000
551.690000
549.530000
543.480000
542.160000
552.600000
550.040000
547.470000
543.000000
544.870000
546.600000
556.180000
557.520000
559.680000
563.390000
558.570000
557.950000
553.060000
541.250000
540.040000
543.300000
547.340000
545.620000
550.030000
541.700000
544.650000
556.110000
571.730000
584.180000
583.960000
601.780000
699.620000
692.840000
695.350000
695.100000
674.730000
654.770000
658.270000
659.660000
661.430000
664.560000
657.500000
664.720000
661.280000
673.290000
670.150000
664.390000
663.140000
690.300000
691.470000
686.510000
689.370000
694.110000
688.730000
694.040000
679.480000
644.030000
618.110000
612.470000
659.740000
667.960000
659.690000
647.820000
629.560000
644.910000
637.050000
628.960000
643.880000
643.410000
651.080000
655.300000
652.470000
665.070000
665.520000
671.670000
660.920000
666.980000
653.200000
653.290000
654.910000
640.150000
624.250000
622.610000
638.370000
642.000000
656.990000
671.680000
671.640000
670.000000
667.000000
671.240000
676.430000
683.170000
680.410000
693.020000
695.320000
699.950000
680.000000
671.800000
681.140000
719.330000
731.120000
732.820000
736.920000
744.850000
737.390000
747.740000
748.820000
755.310000
760.670000
761.600000
754.770000
758.260000
765.250000
756.530000
740.070000
750.420000
745.980000
760.010000
759.940000
777.000000
776.700000
769.630000
769.260000
771.970000
762.850000
783.790000
777.850000
768.200000
779.210000
772.990000
775.140000
762.550000
760.040000
750.420000
762.540000
760.090000
776.590000
769.830000
756.850000
760.800000
767.130000
768.510000
765.840000
782.240000
793.960000
790.300000
778.010000
759.440000
761.530000
759.330000
741.000000
730.910000
733.070000
745.340000
719.570000
731.390000
710.490000
719.080000
718.560000
726.670000
745.460000
733.620000
733.790000
717.580000
748.300000
761.350000
770.770000
780.910000
749.380000
730.030000
703.760000
704.160000
701.020000
706.850000
706.360000
706.890000
717.640000
731.970000
717.510000
722.110000
729.050000
717.290000
720.900000
729.120000
724.860000
717.220000
742.170000
739.480000
731.590000
730.220000
712.800000
713.530000
725.410000
732.170000
744.870000
750.240000
750.570000
757.360000
758.480000
755.410000
762.160000
760.050000
757.560000
754.840000
753.280000
765.890000
768.340000
762.900000
769.670000
765.120000
758.570000
768.070000
760.120000
759.470000
757.540000
764.320000
771.910000
775.390000
780.000000
787.680000
776.250000
774.920000
780.000000
737.770000
742.210000
725.370000
721.460000
705.060000
707.880000
714.410000
708.440000
711.370000
714.710000
725.180000
729.130000
739.380000
730.550000
728.070000
724.830000
730.300000
720.190000
721.780000
715.310000
721.710000
717.250000
733.030000
738.100000
736.930000
747.600000
748.850000
748.460000
744.270000
735.860000
730.060000
731.090000
742.930000
742.520000
733.190000
731.880000
733.250000
732.190000
724.250000
704.250000
706.130000
708.880000
710.470000
714.870000
685.200000
681.140000
691.260000
695.190000
703.530000
710.250000
704.890000
708.970000
707.260000
717.780000
727.200000
732.510000
729.480000
735.800000
735.630000
753.200000
753.410000
757.080000
754.410000
759.280000
757.520000
757.650000
761.970000
765.840000
791.340000
800.940000
800.120000
798.920000
797.250000
806.930000
805.230000
807.480000
808.490000
808.200000
807.050000
805.960000
801.190000
805.420000
802.750000
799.650000
796.950000
796.590000
793.600000
791.300000
793.220000
795.820000
791.920000
789.850000
791.400000
796.870000
808.020000
807.990000
802.840000
788.480000
798.820000
788.720000
790.460000
801.230000
797.970000
795.390000
799.780000
805.030000
815.950000
814.960000
802.650000
810.730000
810.060000
802.640000
804.060000
800.380000
802.790000
801.230000
803.080000
800.710000
814.170000
809.570000
811.770000
804.080000
804.600000
806.840000
821.490000
827.090000
821.630000
824.060000
835.740000
828.550000
822.100000
817.350000
819.560000
809.900000
805.480000
788.420000
782.190000
781.100000
802.030000
811.980000
805.590000
780.290000
771.750000
753.220000
775.160000
779.980000
786.160000
775.970000
784.800000
785.000000
779.000000
780.230000
785.790000
789.440000
775.880000
764.330000
764.460000
778.220000
776.180000
791.470000
795.170000
809.450000
807.900000
815.340000
817.890000
815.650000
809.840000
812.500000
815.200000
812.200000
809.680000
807.800000
809.930000
804.570000
802.880000
792.450000
808.010000
807.770000
813.020000
825.210000
827.180000
826.010000
829.860000
829.530000
830.940000
827.460000
829.020000
824.370000
828.170000
844.430000
849.530000
858.450000
856.980000
845.030000
823.830000
820.190000
815.240000
818.260000
820.130000
821.620000
829.230000
829.880000
830.060000
834.850000
838.960000
840.030000
837.320000
842.170000
846.550000
849.270000
851.360000
851.000000
847.810000
849.670000
844.930000
856.750000
849.850000
849.080000
847.270000
851.150000
853.640000
857.840000
861.405000
864.580000
865.910000
868.390000
870.000000
872.370000
867.910000
850.140000
849.800000
839.650000
835.140000
838.510000
840.630000
849.870000
849.480000
847.800000
856.750000
852.570000
848.910000
845.095000
842.100000
841.700000
839.880000
841.460000
840.180000
855.130000
853.990000
856.510000
860.080000
858.950000
878.930000
888.840000
889.140000
891.440000
924.520000
932.820000
937.090000
948.450000
954.720000
950.280000
958.690000
956.710000
954.840000
955.890000
955.140000
959.220000
964.610000
942.170000
950.500000
954.650000
964.070000
970.550000
977.610000
991.860000
993.270000
996.170000
987.090000
988.290000
996.120000
1003.880000
996.680000
1001.590000
1004.280000
970.120000
961.810000
970.500000
967.930000
960.180000
958.620000
975.220000
968.990000
978.590000
976.620000
986.090000
972.090000
948.090000
961.010000
937.820000
929.680000
919.460000
932.260000
927.690000
940.810000
951.000000
953.530000
967.660000
968.850000
976.910000
975.960000
986.950000
992.770000
992.190000
993.840000
998.310000
969.030000
965.310000
952.510000
958.330000
945.500000
946.560000
947.640000
940.300000
945.790000
945.750000
944.190000
940.080000
923.590000
930.090000
938.930000
938.080000
944.270000
927.660000
926.180000
920.870000
940.400000
942.580000
936.890000
930.500000
928.130000
935.750000
943.630000
955.240000
951.990000
941.480000
942.020000
949.890000
941.410000
943.290000
946.650000
950.440000
940.130000
935.290000
929.750000
936.860000
947.540000
947.550000
943.260000
934.280000
937.430000
959.900000
964.810000
973.720000
967.470000
972.080000
966.780000
985.190000
993.640000
992.310000
987.800000
1005.650000
1005.650000
1007.870000
1009.350000
1011.000000
1012.740000
1001.840000
1005.070000
985.540000
988.490000
991.460000
991.420000
1033.670000
1033.130000
1033.040000
1042.600000
1042.970000
1049.990000
1042.680000
1052.390000
1058.290000
1047.720000
1044.150000
1041.200000
1041.640000
1036.410000
1048.470000
1035.890000
1034.660000
1050.300000
1051.920000
1056.520000
1072.010000
1063.290000
1037.380000
1036.170000
1025.070000
1011.870000
1019.600000
1032.720000
1044.570000
1049.380000
1051.970000
1048.770000
1051.390000
1057.470000
1072.000000
1085.090000
1079.780000
1073.560000
1070.850000
1068.860000
1065.850000
1060.200000
1055.950000
1053.400000
1073.210000
1091.520000
1095.760000
1110.290000
1114.210000
1112.790000
1110.140000
1112.050000
1130.650000
1130.700000
1139.100000
1135.970000
1143.500000
1164.160000
1176.170000
1171.290000
1182.140000
1187.560000
1186.480000
1177.370000
1182.220000
1181.590000
1119.200000
1062.390000
1084.430000
1055.410000
1007.710000
1046.270000
1054.560000
1054.140000
1072.700000
1091.360000
1095.500000
1103.590000
1113.750000
1109.900000
1128.090000
1143.700000
1117.510000
1103.920000
1071.410000
1084.140000
1094.760000
1100.900000
1115.040000
1129.380000
1160.840000
1165.930000
1139.910000
1148.890000
1150.610000
1134.420000
1100.070000
1095.800000
1094.000000
1053.150000
1026.550000
1054.090000
1006.940000
1005.180000
1037.140000
1012.630000
1018.680000
1029.710000
1032.640000
1009.950000
1020.090000
1036.500000
1025.060000
1037.290000
1036.040000
1046.100000
1079.360000
1075.390000
1089.450000
1077.320000
1073.810000
1022.640000
1022.990000
1043.310000
1031.450000
1018.580000
1040.750000
1026.050000
1026.300000
1051.000000
1059.460000
1058.590000
1088.950000
1105.470000
1103.380000
1106.600000
1084.870000
1084.090000
1081.260000
1069.640000
1084.010000
1075.310000
1085.960000
1085.450000
1084.080000
1068.070000
1077.470000
1100.000000
1135.000000
1153.040000
1151.020000
1146.950000
1134.420000
1132.710000
1140.900000
1148.190000
1144.230000
1160.110000
1159.270000
1183.580000
1178.690000
1184.070000
1169.440000
1169.290000
1139.280000
1132.620000
1116.940000
1126.780000
1129.190000
1142.110000
1116.280000
1141.290000
1155.080000
1167.280000
1167.140000
1171.460000
1201.260000
1204.420000
1196.510000
1213.080000
1212.910000
1199.100000
1197.880000
1211.000000
1258.150000
1275.940000
1285.500000
1252.890000
1230.040000
1227.220000
1232.990000
1241.130000
1238.160000
1237.670000
1255.840000
1261.330000
1264.460000
1252.510000
1248.640000
1258.140000
1232.220000
1224.060000
1215.850000
1221.950000
1217.410000
1221.750000
1221.160000
1236.750000
1256.270000
1245.860000
1264.650000
1254.440000
1231.800000
1211.310000
1199.100000
1183.990000
1177.590000
1175.060000
1189.990000
1171.600000
1182.140000
1177.980000
1159.830000
1167.110000
1174.270000
1191.570000
1172.120000
1179.560000
1193.890000
1194.060000
1207.360000
1207.080000
1208.530000
1207.640000
1211.530000
1177.070000
1167.830000
1155.920000
1145.170000
1092.160000
1090.740000
1120.540000
1102.440000
1133.080000
1127.590000
1097.910000
1105.180000
1111.370000
1114.910000
1057.120000
1103.590000
1083.750000
1034.730000
1049.510000
1090.580000
1085.980000
1071.490000
1055.730000
1069.570000
1108.240000
1094.630000
1077.020000
1049.360000
1047.970000
1054.580000
1071.050000
1068.270000
1027.420000
1030.450000
1043.430000
1030.100000
1055.940000
1052.280000
1091.790000
1094.580000
1109.650000
1116.360000
1062.470000
1078.080000
1046.580000
1053.180000
1061.650000
1073.730000
1073.540000
1051.710000
1025.650000
1043.410000
1035.460000
1023.580000
991.250000
984.670000
1047.850000
1052.900000
1046.680000
1044.960000
1054.680000
1025.470000
1078.070000
1075.920000
1085.370000
1081.650000
1078.830000
1064.470000
1051.510000
1086.510000
1089.510000
1099.120000
1107.300000
1078.630000
1084.410000
1084.000000
1101.510000
1079.860000
1070.060000
1097.990000
1125.890000
1118.620000
1141.420000
1151.870000
1122.890000
1105.910000
1102.380000
1102.120000
1127.580000
1128.630000
1129.200000
1119.630000
1126.510000
1120.590000
1104.210000
1116.560000
1117.330000
1122.010000
1122.890000
1126.550000
1148.520000
1153.420000
1169.190000
1164.940000
1150.850000
1149.970000
1179.260000
1197.250000
1199.060000
1192.530000
1190.300000
1188.550000
1202.460000
1226.430000
1236.130000
1207.650000
1197.380000
1189.840000
1178.010000
1172.270000
1176.890000
1198.980000
1205.540000
1210.810000
1219.450000
1211.450000
1208.280000
1202.690000
1206.450000
1209.590000
1222.730000
1226.530000
1231.910000
1240.140000
1241.470000
1253.760000
1270.590000
1260.050000
1267.340000
1277.420000
1296.200000
1198.960000
1173.320000
1166.510000
1189.550000
1193.460000
1178.860000
1170.780000
1167.970000
1167.640000
1136.590000
1124.860000
1170.800000
1184.500000
1168.780000
1144.660000
1154.440000
1155.850000
1145.340000
1138.610000
1139.560000
1119.940000
1121.410000
1106.500000
1038.740000
1054.490000
1044.640000
1047.760000
1068.370000
1082.760000
1081.040000
1079.100000
1091.010000
1086.300000
1093.890000
1105.240000
1104.510000
1113.200000
1125.370000
1116.700000
1087.580000
1080.320000
1076.630000
1082.800000
1100.000000
1112.600000
1122.990000
1132.660000
1116.790000
1124.290000
1140.910000
1144.080000
1145.340000
1150.510000
1153.460000
1146.740000
1147.240000
1131.550000
1139.210000
1148.050000
1139.730000
1135.940000
1245.220000
1241.840000
1228.000000
1218.200000
1211.780000
1196.320000
1154.750000
1171.080000
1175.910000
1206.190000
1188.900000
1174.500000
1196.730000
1164.250000
1169.320000
1179.210000
1200.440000
1183.530000
1191.580000
1191.520000
1153.580000
1171.180000
1170.820000
1173.750000
1194.240000
1190.530000
1169.550000
1182.270000
1212.190000
1206.320000
1205.270000
1205.700000
1220.000000
1234.970000
1240.030000
1231.630000
1229.880000
1232.650000
1238.750000
1229.840000
1234.690000
1218.330000
1245.940000
1242.290000
1225.950000
1221.140000
1206.000000
1177.920000
1189.430000
1210.960000
1208.250000
1190.130000
1202.400000
1209.470000
1215.710000
1217.770000
1242.240000
1243.000000
1252.800000
1244.410000
1244.280000
1241.200000
1257.630000
1259.110000
1264.300000
1288.980000
1260.660000
1260.700000
1258.800000
1272.250000
1289.610000
1291.440000
1291.010000
1306.940000
1309.000000
1298.280000
1297.210000
1296.180000
1309.150000
1333.540000
1319.840000
1312.590000
1301.860000
1300.140000
1293.670000
1305.640000
1313.000000
1312.130000
1304.090000
1288.860000
1294.740000
1318.940000
1326.960000
1339.390000
1342.990000
1342.890000
1344.250000
1348.490000
1346.870000
1360.700000
1354.890000
1351.910000
1356.440000
1351.220000
1350.630000
1344.430000
1362.470000
1354.640000
1339.710000
1339.390000
1368.680000
1361.520000
1397.810000
1395.110000
1405.040000
1419.790000
1428.960000
1440.030000
1430.590000
1439.200000
1450.160000
1479.520000
1482.250000
1484.170000
1484.690000
1466.170000
1431.730000
1450.500000
1456.700000
1454.250000
1432.780000
1482.600000
1445.410000
1446.050000
1475.970000
1479.110000
1508.660000
1510.060000
1518.630000
1513.390000
1518.730000
1519.440000
1524.870000
1516.990000
1483.460000
1419.860000
1386.320000
1390.470000
1314.950000
1339.250000
1386.320000
1337.720000
1381.600000
1314.760000
1295.740000
1215.790000
1275.170000
1210.900000
1111.550000
1214.270000
1073.000000
1118.060000
1091.190000
1111.670000
1068.210000
1054.130000
1130.010000
1101.620000
1162.920000
1110.260000
1146.310000
1161.950000
1102.100000
1117.030000
1092.700000
1183.190000
1182.560000
1207.000000
1206.570000
1210.410000
1265.230000
1257.300000
1257.430000
1279.000000
1261.150000
1212.160000
1258.410000
1271.170000
1276.600000
1270.860000
1232.590000
1342.180000
1346.700000
1317.320000
1322.900000
1349.020000
1345.430000
1369.280000
1384.340000
1403.590000
1375.180000
1348.330000
1356.860000
1373.060000
1385.180000
1374.400000
1409.160000
1406.750000
1413.240000
