109.250000
107.370000
109.620000
106.500000
106.940000
110.940000
107.310000
106.000000
108.810000
112.810000
112.370000
121.000000
119.750000
119.690000
118.840000
119.310000
116.000000
116.810000
113.250000
120.370000
116.370000
114.500000
111.810000
111.870000
114.410000
109.750000
113.780000
114.000000
109.560000
109.500000
105.000000
101.250000
105.060000
103.310000
102.000000
104.620000
104.000000
103.940000
105.500000
103.310000
108.750000
117.250000
114.750000
112.500000
112.000000
109.870000
110.310000
111.810000
112.250000
110.500000
114.250000
116.000000
115.870000
116.310000
118.870000
118.750000
119.750000
120.620000
123.250000
122.000000
122.370000
122.500000
120.440000
121.440000
121.370000
123.250000
124.810000
129.000000
131.500000
132.880000
130.310000
132.020000
133.630000
131.190000
131.440000
133.380000
129.500000
124.500000
125.000000
127.690000
126.870000
125.000000
123.250000
124.940000
124.750000
121.500000
123.870000
123.000000
119.120000
118.000000
115.250000
112.620000
117.810000
110.560000
114.370000
113.190000
116.000000
117.940000
114.870000
112.000000
103.120000
109.060000
111.120000
113.000000
95.440000
96.440000
94.750000
92.870000
91.440000
87.560000
92.750000
93.690000
93.310000
98.500000
98.560000
101.940000
100.120000
100.310000
102.310000
100.000000
99.440000
93.000000
97.440000
99.500000
99.370000
98.250000
101.940000
103.250000
98.500000
98.500000
99.940000
98.440000
97.870000
99.810000
93.500000
95.620000
98.370000
103.370000
96.750000
93.120000
97.000000
95.000000
93.870000
91.250000
92.440000
87.810000
90.500000
90.120000
86.000000
81.560000
89.000000
84.810000
84.690000
85.250000
85.000000
84.810000
94.620000
93.190000
94.000000
93.560000
92.560000
93.440000
93.690000
93.810000
92.750000
96.690000
108.310000
111.250000
108.560000
109.060000
110.440000
110.750000
114.190000
114.980000
116.610000
112.000000
114.050000
110.270000
112.220000
114.190000
116.910000
114.100000
112.000000
114.900000
113.750000
115.100000
116.780000
115.000000
111.500000
107.510000
108.900000
104.000000
105.300000
102.590000
99.900000
106.050000
102.300000
104.910000
106.000000
107.550000
106.470000
99.290000
95.490000
98.390000
94.960000
95.560000
90.100000
92.600000
88.300000
89.080000
89.100000
93.510000
95.400000
99.500000
94.410000
95.040000
96.180000
94.660000
90.390000
92.000000
98.210000
97.950000
96.000000
99.050000
97.430000
96.200000
96.750000
99.700000
106.500000
114.470000
114.830000
112.000000
112.670000
114.850000
113.740000
116.200000
115.140000
118.510000
115.400000
113.700000
115.860000
115.900000
117.700000
116.980000
115.200000
111.810000
112.560000
113.580000
115.800000
115.070000
117.440000
119.040000
118.010000
117.400000
119.600000
117.800000
115.270000
112.650000
111.800000
112.890000
113.640000
116.970000
117.500000
117.250000
116.100000
117.360000
117.250000
116.540000
115.750000
113.600000
114.270000
114.840000
113.090000
112.600000
112.870000
112.650000
113.040000
113.520000
115.100000
113.500000
114.350000
112.980000
112.100000
106.500000
104.720000
101.960000
103.850000
107.250000
108.530000
107.820000
108.530000
104.280000
104.000000
105.700000
105.850000
104.510000
104.890000
106.000000
104.700000
105.850000
105.210000
107.060000
108.800000
108.180000
106.510000
106.250000
104.190000
104.080000
104.950000
105.860000
106.200000
105.010000
105.750000
104.590000
104.100000
101.890000
103.960000
103.000000
106.990000
106.860000
104.950000
104.130000
100.360000
99.950000
101.490000
100.350000
98.000000
96.590000
96.470000
93.340000
96.400000
96.000000
93.400000
90.500000
94.800000
94.450000
91.300000
90.000000
91.720000
92.710000
93.770000
96.950000
97.310000
98.020000
98.500000
97.140000
97.250000
99.400000
100.840000
102.000000
101.850000
102.900000
101.260000
102.650000
105.250000
105.810000
108.570000
110.660000
111.160000
108.620000
108.650000
108.070000
109.890000
109.500000
109.970000
113.610000
113.850000
113.810000
114.080000
114.860000
116.700000
114.350000
114.750000
114.500000
115.000000
115.440000
114.340000
115.350000
116.330000
114.200000
112.150000
114.430000
115.590000
114.130000
116.640000
121.400000
120.140000
120.400000
119.660000
121.500000
123.200000
120.250000
121.100000
121.340000
122.200000
123.890000
122.700000
122.000000
121.450000
122.400000
123.500000
122.900000
120.960000
121.500000
123.660000
125.600000
124.050000
124.700000
124.490000
122.140000
120.310000
118.050000
118.850000
117.400000
119.900000
114.250000
110.500000
107.900000
108.720000
109.280000
108.150000
103.000000
105.550000
107.890000
108.000000
106.800000
106.300000
106.630000
103.910000
104.990000
107.380000
106.570000
108.070000
107.890000
102.890000
101.300000
99.310000
96.380000
98.450000
98.300000
97.150000
97.830000
98.120000
103.020000
105.900000
105.670000
106.300000
103.710000
105.090000
105.240000
108.500000
107.180000
106.600000
106.790000
106.350000
107.490000
105.500000
106.780000
105.600000
103.560000
102.900000
103.390000
104.000000
102.860000
100.950000
99.960000
100.840000
97.250000
87.410000
87.740000
89.010000
84.190000
85.600000
85.350000
86.200000
84.810000
88.950000
89.000000
87.930000
87.330000
86.500000
86.710000
84.710000
83.890000
83.760000
84.300000
83.860000
81.780000
76.000000
76.500000
82.450000
79.930000
79.680000
82.190000
85.480000
84.500000
85.450000
85.690000
84.450000
83.450000
84.000000
84.350000
83.100000
82.080000
81.600000
82.250000
80.450000
78.110000
79.310000
80.550000
79.660000
78.300000
76.800000
75.490000
74.650000
75.600000
76.170000
77.140000
75.940000
73.350000
71.580000
68.750000
69.700000
68.600000
70.050000
71.900000
72.000000
67.600000
68.580000
70.510000
73.500000
71.300000
69.670000
68.760000
69.410000
69.210000
71.000000
69.010000
70.690000
72.050000
72.000000
68.500000
67.050000
69.540000
69.350000
66.400000
71.180000
71.790000
70.400000
68.250000
67.880000
65.990000
67.900000
69.170000
71.610000
71.830000
71.770000
71.900000
74.920000
76.500000
79.350000
82.490000
81.270000
81.000000
81.990000
80.400000
79.420000
77.960000
76.060000
76.620000
75.380000
72.350000
73.730000
72.180000
73.200000
74.500000
75.600000
74.200000
71.870000
72.500000
72.320000
71.750000
69.550000
64.800000
63.920000
63.370000
59.750000
63.010000
62.020000
60.360000
58.310000
61.170000
59.630000
60.000000
56.600000
56.860000
57.050000
55.070000
57.580000
63.920000
63.420000
68.480000
64.900000
72.200000
74.250000
75.550000
74.490000
74.600000
72.100000
74.560000
76.560000
76.740000
78.670000
78.940000
80.400000
82.500000
81.680000
81.540000
78.950000
77.590000
77.290000
79.150000
79.350000
80.720000
80.010000
79.180000
78.370000
81.610000
84.900000
84.430000
86.200000
85.060000
87.700000
86.920000
87.300000
85.210000
83.690000
83.060000
82.320000
79.590000
80.800000
81.440000
80.170000
80.000000
81.620000
80.310000
79.130000
78.660000
79.790000
80.260000
79.760000
78.500000
77.360000
76.250000
77.500000
80.570000
81.650000
83.590000
86.000000
84.190000
87.000000
87.680000
87.510000
88.580000
87.590000
86.050000
81.300000
80.540000
79.700000
81.050000
78.990000
78.420000
80.110000
80.320000
78.300000
78.200000
78.180000
77.090000
77.260000
77.510000
77.100000
77.910000
77.390000
76.500000
75.860000
77.450000
79.330000
79.510000
79.150000
79.950000
78.560000
79.070000
77.400000
77.280000
77.950000
77.330000
76.700000
77.730000
77.070000
77.900000
75.700000
75.350000
75.180000
78.450000
79.000000
82.460000
82.470000
82.000000
82.200000
84.900000
82.250000
83.450000
81.550000
81.450000
80.850000
78.430000
78.730000
81.460000
81.910000
80.790000
80.470000
80.070000
78.710000
79.010000
78.750000
80.070000
82.790000
82.880000
84.260000
83.360000
85.630000
85.750000
85.200000
83.880000
85.120000
85.660000
84.900000
85.890000
87.570000
86.520000
87.510000
86.680000
86.050000
87.550000
89.000000
89.980000
88.700000
89.900000
88.990000
86.450000
85.770000
86.180000
86.080000
85.260000
87.690000
87.570000
87.360000
88.040000
87.330000
83.820000
84.250000
81.900000
80.050000
82.000000
81.710000
83.970000
83.950000
82.750000
84.500000
84.300000
84.700000
84.550000
84.920000
83.180000
83.630000
82.490000
84.350000
83.420000
82.500000
83.590000
84.740000
83.950000
86.090000
86.250000
85.470000
84.030000
84.890000
85.420000
86.440000
86.740000
83.330000
83.720000
82.500000
81.850000
82.300000
81.510000
83.550000
82.540000
81.800000
80.960000
81.250000
81.270000
81.130000
79.850000
79.750000
80.690000
80.880000
81.020000
81.510000
81.200000
81.560000
81.790000
83.520000
82.850000
83.050000
82.850000
82.970000
81.960000
82.500000
82.000000
81.900000
82.010000
85.760000
86.330000
87.910000
86.950000
89.100000
89.420000
87.840000
87.920000
88.700000
88.490000
90.290000
90.630000
92.000000
93.280000
91.390000
91.340000
89.400000
89.410000
89.050000
89.450000
88.330000
90.350000
90.080000
90.640000
91.180000
91.700000
92.660000
92.450000
92.670000
93.200000
92.720000
92.740000
89.280000
89.230000
89.000000
88.930000
88.460000
88.150000
88.420000
88.520000
89.900000
89.340000
89.120000
89.480000
89.680000
89.140000
88.490000
89.340000
88.260000
89.950000
89.360000
90.690000
91.090000
90.250000
89.800000
88.950000
89.400000
88.390000
88.630000
89.660000
89.430000
89.910000
90.540000
91.010000
90.750000
90.300000
91.420000
90.640000
91.200000
90.630000
91.730000
92.400000
92.710000
92.110000
93.980000
93.400000
92.730000
93.140000
93.390000
92.790000
92.270000
92.900000
93.520000
92.630000
92.680000
91.550000
93.050000
93.060000
92.780000
93.040000
91.210000
91.550000
89.700000
90.310000
94.020000
95.320000
97.100000
97.700000
97.510000
97.900000
99.850000
98.800000
97.380000
98.010000
99.230000
99.390000
100.000000
100.190000
98.860000
98.940000
98.950000
99.610000
99.960000
99.300000
99.710000
99.370000
98.420000
97.800000
97.310000
95.960000
96.790000
96.540000
96.790000
96.500000
97.040000
96.820000
96.840000
96.390000
96.450000
94.590000
94.530000
93.060000
91.210000
93.300000
91.820000
92.450000
93.390000
92.850000
91.620000
91.020000
91.320000
91.770000
92.390000
92.770000
92.680000
92.320000
91.840000
92.370000
94.200000
94.180000
93.700000
93.080000
93.120000
93.740000
93.040000
93.700000
93.970000
92.280000
91.940000
90.650000
91.260000
90.740000
91.280000
90.430000
91.110000
90.410000
89.080000
88.170000
88.020000
89.000000
88.960000
88.360000
88.190000
86.880000
87.130000
86.810000
87.190000
86.410000
85.530000
86.060000
87.050000
87.420000
87.130000
87.100000
88.700000
88.350000
88.590000
88.590000
88.120000
87.980000
87.350000
87.560000
88.640000
90.040000
90.090000
90.460000
90.070000
90.540000
90.380000
90.440000
90.060000
89.490000
90.020000
90.790000
89.990000
89.550000
88.710000
88.290000
88.150000
87.500000
87.040000
85.700000
85.350000
83.650000
83.890000
84.950000
85.250000
84.130000
84.020000
84.280000
85.300000
86.360000
85.300000
86.060000
84.850000
85.090000
85.880000
85.850000
86.770000
87.070000
86.690000
85.710000
85.970000
85.190000
83.480000
83.550000
84.990000
83.690000
82.210000
83.910000
84.020000
84.040000
85.130000
84.890000
85.250000
84.650000
84.710000
85.070000
84.690000
84.940000
84.400000
84.690000
84.220000
84.570000
84.390000
84.970000
85.860000
86.440000
86.760000
86.490000
86.720000
86.370000
86.120000
85.740000
85.700000
85.720000
84.310000
83.880000
84.430000
84.160000
84.480000
84.980000
85.740000
86.720000
87.160000
87.320000
88.040000
87.420000
86.710000
86.630000
86.000000
84.980000
84.780000
84.850000
85.920000
89.370000
88.820000
88.100000
87.390000
88.430000
89.000000
90.000000
89.500000
89.750000
90.110000
90.470000
91.200000
92.380000
93.280000
93.370000
93.370000
93.610000
94.790000
95.320000
95.920000
94.890000
95.460000
95.100000
94.450000
95.110000
95.280000
95.460000
94.720000
95.500000
94.240000
95.880000
95.760000
97.080000
97.670000
96.100000
96.650000
97.510000
96.670000
96.450000
97.310000
97.330000
97.450000
96.200000
96.550000
97.020000
97.610000
97.720000
97.500000
98.300000
98.180000
98.300000
98.580000
97.750000
96.700000
96.500000
96.200000
95.780000
95.680000
95.000000
95.210000
94.450000
94.100000
94.900000
93.100000
93.000000
92.380000
91.790000
92.190000
91.950000
91.980000
92.890000
93.420000
93.860000
94.300000
93.540000
94.510000
94.530000
94.130000
92.700000
92.760000
93.300000
93.570000
94.330000
94.620000
93.750000
93.270000
92.320000
92.100000
92.640000
92.800000
92.580000
93.300000
92.920000
92.410000
92.370000
91.600000
92.130000
92.350000
92.410000
91.510000
91.900000
91.380000
90.650000
89.860000
89.280000
89.510000
89.500000
90.520000
90.700000
91.040000
90.600000
90.680000
91.380000
90.440000
90.320000
89.570000
89.000000
88.440000
87.600000
86.200000
85.750000
84.570000
83.640000
76.700000
76.650000
75.480000
72.010000
74.000000
74.210000
74.610000
75.430000
77.050000
75.910000
76.380000
76.510000
76.470000
77.080000
75.500000
75.260000
74.980000
73.300000
73.280000
72.620000
73.160000
74.340000
74.290000
76.360000
77.160000
76.410000
76.510000
75.810000
76.000000
77.140000
77.100000
75.550000
76.840000
77.350000
75.790000
75.000000
75.040000
74.800000
74.930000
74.770000
75.050000
74.890000
76.300000
77.050000
76.390000
76.550000
76.410000
77.230000
75.410000
74.010000
73.880000
75.300000
74.730000
74.200000
74.670000
74.790000
75.810000
77.380000
79.300000
78.960000
80.040000
81.450000
82.420000
82.380000
81.810000
83.700000
84.600000
84.400000
84.440000
84.200000
84.120000
83.870000
83.800000
83.460000
83.430000
83.310000
84.060000
83.120000
83.360000
83.360000
83.500000
82.020000
82.660000
82.190000
82.500000
81.300000
81.300000
81.150000
82.760000
82.600000
82.030000
81.320000
81.100000
80.380000
81.340000
80.540000
80.620000
79.540000
79.460000
81.020000
80.980000
80.800000
81.440000
81.480000
80.750000
80.480000
80.010000
80.330000
79.430000
78.700000
77.560000
78.210000
78.000000
77.410000
77.990000
79.500000
80.360000
80.220000
80.450000
80.110000
79.820000
79.700000
80.500000
81.250000
83.190000
82.190000
82.200000
82.350000
82.590000
83.480000
84.170000
83.170000
83.330000
83.470000
83.360000
82.890000
82.310000
81.420000
81.880000
81.590000
81.060000
82.870000
83.000000
83.610000
83.150000
82.840000
83.990000
84.550000
84.360000
85.530000
86.540000
86.890000
87.770000
87.290000
87.990000
88.800000
88.800000
89.110000
89.100000
88.900000
89.210000
88.650000
88.430000
89.140000
88.720000
87.500000
86.970000
85.960000
83.710000
83.130000
83.530000
83.370000
82.760000
82.480000
83.120000
83.220000
83.480000
82.990000
83.040000
82.400000
82.200000
82.060000
81.950000
82.500000
84.950000
83.730000
84.070000
84.170000
83.570000
83.170000
83.000000
84.460000
83.090000
81.360000
81.410000
80.850000
80.910000
80.720000
81.020000
81.630000
81.300000
81.940000
81.230000
79.970000
79.510000
79.650000
80.800000
80.400000
81.330000
80.440000
81.090000
80.850000
80.910000
80.710000
80.500000
81.350000
80.200000
80.100000
80.630000
80.240000
79.900000
79.940000
79.960000
80.000000
80.290000
81.140000
81.020000
81.570000
81.930000
82.880000
83.380000
82.870000
83.300000
83.580000
83.810000
84.450000
83.200000
83.360000
83.080000
82.430000
83.130000
83.200000
82.470000
83.060000
83.450000
84.170000
83.810000
82.480000
82.100000
81.160000
80.750000
81.980000
81.640000
83.310000
81.860000
82.020000
81.660000
82.110000
82.670000
83.350000
83.880000
82.340000
82.230000
82.420000
82.700000
82.430000
82.980000
82.890000
83.230000
82.900000
82.460000
82.390000
82.890000
82.160000
81.270000
80.660000
80.280000
80.020000
79.830000
79.780000
80.140000
80.750000
80.160000
79.900000
80.690000
79.520000
79.060000
79.760000
79.150000
77.030000
78.010000
77.020000
76.930000
77.710000
78.560000
77.950000
77.670000
77.990000
78.300000
77.190000
77.100000
77.150000
76.630000
76.560000
77.590000
76.820000
78.020000
77.770000
78.090000
76.420000
76.670000
76.470000
75.480000
74.240000
73.570000
73.700000
74.260000
76.070000
75.480000
74.860000
75.990000
75.890000
75.830000
76.150000
76.960000
77.410000
76.140000
76.320000
76.330000
75.910000
75.520000
75.330000
75.390000
75.740000
75.480000
76.680000
77.080000
79.090000
79.370000
79.900000
79.280000
78.950000
78.670000
79.380000
79.880000
80.320000
81.400000
81.220000
80.970000
81.410000
80.850000
80.280000
79.400000
80.660000
80.930000
82.280000
82.210000
82.470000
82.940000
82.240000
81.870000
83.420000
81.610000
81.210000
82.000000
82.500000
82.090000
81.990000
81.940000
81.870000
81.650000
83.100000
82.920000
83.140000
84.000000
84.190000
84.190000
84.700000
86.080000
86.710000
86.950000
89.820000
89.860000
90.480000
91.560000
91.490000
91.830000
91.540000
90.760000
91.500000
92.330000
91.800000
91.680000
91.410000
92.600000
92.450000
92.590000
92.420000
91.760000
92.070000
93.290000
93.110000
93.470000
93.810000
93.250000
93.080000
93.520000
93.350000
91.450000
91.350000
91.520000
91.920000
91.250000
93.510000
94.480000
94.120000
94.230000
93.860000
93.640000
94.120000
94.770000
95.360000
95.300000
95.440000
96.000000
96.000000
95.910000
95.250000
95.660000
97.200000
96.970000
97.150000
97.270000
98.310000
97.420000
98.900000
100.070000
98.890000
98.650000
99.340000
100.820000
100.020000
99.450000
96.170000
97.110000
97.080000
97.400000
97.510000
97.450000
98.540000
99.370000
99.150000
99.000000
99.170000
100.380000
99.550000
99.540000
99.620000
98.550000
98.580000
98.290000
99.200000
98.920000
98.990000
99.350000
99.090000
98.500000
97.730000
96.910000
93.960000
92.940000
92.270000
90.900000
91.810000
93.800000
93.940000
93.000000
93.280000
94.110000
92.710000
93.760000
93.450000
93.250000
93.990000
94.500000
95.360000
95.190000
95.030000
95.000000
94.730000
94.260000
94.570000
94.260000
95.210000
96.100000
96.210000
96.520000
96.620000
96.460000
95.160000
95.670000
94.930000
96.180000
97.120000
94.800000
94.290000
94.580000
95.210000
98.490000
101.460000
100.900000
101.170000
102.210000
103.170000
102.220000
102.800000
102.960000
102.760000
103.290000
104.380000
104.680000
105.980000
105.570000
104.830000
105.870000
105.310000
107.990000
107.040000
106.700000
105.580000
103.950000
105.180000
105.910000
106.930000
106.600000
106.540000
106.230000
105.840000
102.410000
101.800000
103.070000
103.220000
102.340000
103.120000
103.850000
105.090000
105.330000
106.500000
106.000000
106.600000
104.440000
105.100000
105.330000
105.430000
105.950000
105.250000
105.010000
106.580000
108.050000
109.030000
108.970000
108.630000
109.100000
109.280000
108.600000
109.660000
110.770000
111.080000
115.860000
114.810000
116.380000
116.170000
118.100000
116.530000
115.620000
114.520000
110.650000
112.040000
113.230000
111.890000
113.890000
113.530000
112.980000
110.730000
112.640000
112.710000
112.050000
111.230000
109.690000
110.900000
109.220000
109.040000
110.000000
111.450000
113.240000
113.440000
112.000000
114.570000
115.370000
116.690000
118.190000
117.880000
117.620000
115.550000
115.800000
117.350000
116.000000
115.950000
115.130000
114.520000
116.630000
116.670000
116.860000
116.780000
116.250000
116.510000
117.300000
117.710000
117.800000
119.030000
118.360000
116.400000
115.690000
116.300000
117.770000
118.300000
118.620000
118.050000
117.810000
118.030000
119.600000
115.780000
114.800000
112.280000
113.370000
114.680000
112.950000
112.810000
113.730000
114.800000
114.120000
116.120000
113.650000
114.590000
113.400000
113.170000
111.080000
106.110000
100.254200
101.450000
105.270000
103.440000
103.600000
104.790000
102.220000
103.420000
102.220000
104.050000
101.970000
103.830000
107.370000
107.500000
105.180000
105.830000
106.630000
108.160000
109.700000
108.860000
109.390000
106.990000
108.470000
108.180000
105.770000
104.530000
106.310000
107.140000
108.840000
111.050000
111.650000
111.560000
109.600000
110.090000
108.100000
104.690000
104.900000
101.130000
100.050000
97.590000
98.310000
99.920000
97.670000
102.930000
101.830000
101.630000
101.100000
103.400000
101.220000
106.100000
106.910000
104.520000
104.980000
106.100000
105.650000
107.110000
109.080000
107.930000
105.020000
103.590000
102.340000
103.270000
105.140000
106.530000
108.420000
106.130000
106.160000
105.000000
107.850000
106.930000
108.070000
110.080000
114.380000
116.460000
115.240000
113.860000
114.230000
115.710000
115.390000
112.520000
113.940000
114.010000
116.490000
117.070000
115.910000
115.230100
115.550000
118.410000
116.940000
118.330000
119.060000
117.970000
116.910000
115.520000
114.570000
115.140000
116.490000
114.810000
116.020000
115.760000
116.310000
116.270000
116.770000
118.780000
116.000000
117.280000
117.170000
120.470000
123.080000
124.400000
124.350000
123.670000
123.600000
124.190000
123.080000
121.690000
122.850000
120.700000
123.610000
123.180000
122.030000
122.820000
124.140000
124.920000
124.060000
125.240000
126.580000
127.520000
128.460000
127.820000
126.490000
125.180000
123.620000
124.700000
124.200000
127.320000
129.540000
129.710000
129.430000
127.360000
127.840000
127.550000
128.470000
124.940000
125.860000
125.940000
123.250000
123.850000
126.150000
126.710000
125.100000
124.160000
125.020000
122.740000
123.460000
123.460000
124.580000
121.130000
120.050000
118.530000
119.270000
119.100000
119.540000
121.500000
123.880000
120.400000
123.180000
122.120000
121.540000
123.200000
125.940000
126.520000
129.890000
128.660000
130.000000
129.520000
130.000000
128.530000
126.250000
127.660000
128.860000
127.980000
126.640000
127.560000
128.870000
129.160000
129.050000
128.810000
126.600000
125.220000
125.800000
126.940000
126.360000
124.590000
122.560000
122.510000
122.990000
124.930000
122.860000
122.500000
123.380000
124.580000
121.730000
118.410000
118.340000
115.000000
114.330000
117.290000
115.040000
118.040000
119.200000
118.970000
115.190000
116.050000
111.470000
115.120000
118.850000
116.210000
115.360000
116.460000
120.110000
119.420000
114.460000
116.960000
110.130000
104.740000
103.440000
100.620000
95.650000
90.550000
89.000000
87.750000
92.210000
93.600000
88.290000
91.520000
90.780000
92.510000
88.860000
83.600000
84.350000
82.070000
79.660000
87.280000
88.200000
90.690000
92.970000
92.680000
93.400000
89.940000
85.150000
86.270000
83.870000
82.740000
79.740000
84.210000
80.330000
77.480000
80.080000
75.970000
71.740000
74.880000
79.890000
80.650000
81.670000
81.600000
76.900000
79.840000
80.670000
77.440000
80.590000
84.860000
82.690000
82.860000
80.580000
82.200000
82.770000
86.400000
85.840000
84.000000
83.520000
81.990000
80.600000
80.520000
81.330000
81.250000
83.550000
84.160000
87.370000
86.820000
89.230000
87.790000
87.180000
84.700000
85.710000
85.340000
83.190000
84.120000
84.920000
81.980000
91.420000
90.070000
89.490000
91.600000
91.660000
94.820000
92.510000
91.650000
90.930000
93.480000
92.830000
92.410000
96.140000
96.820000
93.270000
95.160000
95.070000
93.840000
90.670000
91.510000
88.930000
88.790000
84.370000
86.400000
85.900000
88.970000
92.030000
89.050000
87.770000
89.490000
87.480000
85.810000
83.480000
87.250000
88.620000
90.400000
90.360000
91.220000
92.910000
91.950000
92.660000
92.510000
98.710000
98.300000
97.950000
98.780000
94.150000
94.520000
96.890000
97.610000
100.820000
102.220000
101.560000
98.750000
101.190000
101.700000
99.950000
99.270000
98.850000
101.430000
101.270000
100.430000
102.310000
102.550000
101.420000
100.080000
99.950000
101.940000
104.040000
103.210000
104.610000
106.190000
105.850000
104.620000
102.590000
101.490000
102.900000
103.940000
102.260000
101.050000
101.370000
104.580000
105.510000
104.050000
102.820000
101.890000
105.020000
102.930000
104.690000
106.280000
108.370000
106.830000
106.490000
106.330000
107.240000
107.490000
108.140000
108.350000
109.400000
108.210000
107.620000
107.320000
107.000000
106.330000
105.890000
104.520000
104.440000
104.150000
106.060000
105.680000
105.830000
104.420000
104.840000
101.730000
101.650000
100.190000
100.680000
102.080000
100.830000
103.620000
103.250000
107.220000
110.640000
115.420000
116.440000
117.040000
115.570000
117.060000
117.640000
117.630000
117.280000
117.260000
117.860000
117.930000
119.920000
119.600000
117.920000
117.380000
119.330000
118.700000
117.790000
119.290000
119.580000
118.570000
116.860000
117.630000
118.570000
118.950000
119.900000
119.320000
118.830000
119.470000
119.430000
118.220000
118.050000
116.690000
116.090000
116.330000
117.460000
117.160000
116.760000
117.670000
118.050000
118.880000
119.350000
121.820000
121.880000
122.110000
121.570000
121.610000
120.820000
120.940000
121.080000
119.330000
118.810000
119.610000
117.900000
119.020000
119.750000
121.350000
122.780000
122.290000
125.930000
127.040000
127.020000
128.350000
127.980000
121.640000
123.060000
122.820000
120.870000
122.690000
120.360000
120.110000
120.650000
121.500000
122.870000
120.610000
120.560000
121.160000
121.290000
122.550000
123.490000
126.000000
126.910000
127.190000
126.260000
127.030000
128.210000
128.630000
128.150000
127.540000
126.960000
128.200000
127.930000
127.280000
125.700000
126.350000
127.940000
127.210000
127.550000
127.250000
127.040000
126.800000
128.390000
129.340000
129.680000
129.930000
128.490000
128.710000
127.400000
127.910000
128.650000
129.930000
130.000000
130.570000
132.310000
131.850000
132.570000
130.900000
132.450000
130.850000
130.000000
129.550000
130.850000
129.480000
130.510000
130.230000
132.310000
131.780000
134.140000
130.250000
129.000000
125.500000
126.120000
125.750000
126.330000
123.750000
122.390000
124.670000
125.530000
125.660000
123.000000
122.970000
121.880000
123.210000
122.810000
123.730000
124.000000
125.230000
126.330000
127.810000
127.190000
126.850000
126.460000
127.590000
127.070000
127.160000
128.570000
127.420000
126.880000
126.720000
127.250000
126.410000
125.550000
125.620000
127.600000
127.940000
127.830000
128.670000
127.760000
128.380000
127.710000
127.980000
129.370000
128.530000
129.240000
129.260000
128.590000
128.770000
128.250000
128.250000
129.350000
128.930000
128.480000
127.610000
128.760000
128.360000
129.030000
131.250000
130.890000
130.630000
132.230000
129.690000
128.990000
129.130000
129.990000
130.730000
128.820000
130.100000
130.460000
129.000000
129.600000
128.120000
127.460000
123.920000
122.100000
126.270000
126.890000
132.680000
131.480000
131.190000
130.440000
129.950000
128.860000
123.800000
125.420000
124.450000
124.520000
123.230000
126.390000
125.260000
124.340000
127.410000
127.960000
125.280000
124.130000
123.720000
123.900000
127.680000
128.450000
128.500000
129.790000
130.350000
130.980000
130.150000
130.650000
129.300000
130.110000
128.190000
127.120000
128.980000
125.090000
123.480000
122.570000
121.860000
123.460000
127.000000
127.970000
127.960000
128.670000
130.480000
130.720000
130.720000
128.030000
129.790000
126.550000
125.270000
127.470000
128.380000
128.410000
128.630000
128.430000
128.020000
128.400000
130.760000
130.370000
131.270000
131.830000
130.140000
132.000000
131.840000
129.830000
128.300000
127.870000
127.770000
128.450000
129.392500
128.900000
127.500000
126.470000
124.900000
125.270000
122.780000
124.730000
123.400000
123.130000
125.770000
125.040000
127.580000
125.950000
126.080000
126.360000
127.990000
129.610000
128.850000
129.430000
129.670000
130.190000
131.790000
131.980000
132.570000
131.670000
134.110000
134.650000
134.890000
135.480000
134.140000
135.640000
135.250000
137.660000
137.840000
138.720000
138.850000
139.660000
139.850000
140.370000
141.500000
141.060000
142.830000
138.030000
139.070000
139.830000
139.670000
139.840000
140.670000
141.430000
140.900000
143.600000
143.320000
143.840000
144.170000
146.790000
146.920000
146.460000
146.140000
146.550000
145.430000
143.740000
143.640000
142.240000
141.950000
144.360000
145.050000
145.390000
143.180000
145.810000
143.900000
142.890000
141.460000
144.410000
145.180000
145.380000
144.990000
144.020000
144.980000
144.300000
144.820000
144.280000
145.820000
144.720000
144.550000
145.000000
144.510000
145.740000
145.950000
145.890000
145.340000
145.710000
146.520000
146.670000
146.760000
147.480000
147.640000
147.050000
148.660000
147.930000
147.640000
147.280000
149.100000
148.820000
150.000000
150.650000
155.690000
155.800000
155.500000
159.630000
161.440000
161.040000
161.070000
159.210000
162.000000
163.560000
163.300000
163.530000
164.000000
164.820000
166.050000
164.650000
164.090000
163.850000
163.220000
162.840000
163.400000
164.240000
164.840000
161.950000
160.180000
160.770000
162.280000
161.880000
159.970000
160.160000
163.480000
161.830000
159.930000
162.280000
165.860000
162.020000
162.430000
161.390000
159.020000
153.000000
154.180000
155.890000
157.680000
158.000000
159.530000
160.040000
162.180000
161.370000
162.880000
163.600000
163.070000
164.270000
164.250000
163.990000
164.040000
164.380000
164.050000
163.950000
163.250000
163.950000
164.970000
166.210000
165.940000
165.400000
164.750000
168.280000
167.670000
168.490000
170.370000
170.780000
170.580000
172.150000
172.870000
170.620000
168.460000
168.890000
169.100000
170.380000
169.500000
172.240000
169.920000
168.860000
170.500000
170.440000
170.590000
170.160000
168.260000
167.990000
167.750000
167.180000
167.500000
168.930000
166.560000
166.090000
165.050000
164.750000
163.690000
164.340000
164.840000
163.180000
163.170000
164.120000
162.330000
162.670000
164.440000
165.020000
166.220000
165.680000
166.120000
165.070000
167.620000
170.010000
170.540000
171.550000
174.540000
175.430000
177.710000
176.480000
176.490000
174.990000
174.050000
174.320000
174.230000
175.540000
175.280000
185.210000
183.650000
184.900000
185.180000
183.700000
182.930000
181.350000
181.800000
181.850000
180.750000
178.050000
178.830000
171.480000
172.980000
166.220000
170.610000
162.540000
166.730000
168.200000
172.990000
171.240000
171.480000
163.830000
157.540000
158.980000
164.320000
166.760000
165.580000
169.140000
172.620000
172.510000
171.910000
170.330000
166.980000
165.110000
167.310000
165.250000
161.370000
162.420000
163.430000
167.240000
170.090000
172.990000
173.130000
174.720000
173.020000
168.620000
169.340000
174.510000
177.710000
177.550000
179.170000
174.870000
173.290000
174.740000
176.850000
181.690000
182.390000
186.620000
185.000000
186.120000
186.820000
190.530000
186.590000
178.900000
177.390000
177.250000
181.630000
182.250000
180.360000
181.970000
186.340000
187.450000
184.630000
181.350000
183.920000
187.300000
186.380000
187.320000
187.250000
182.240000
183.350000
187.380000
187.350000
188.750000
186.620000
185.730000
185.240000
181.480000
181.310000
177.950000
177.060000
182.210000
180.940000
188.000000
189.450000
189.660000
190.840000
192.940000
194.050000
191.580000
194.560000
192.180000
191.150000
188.720000
187.480000
183.570000
182.890000
187.240000
181.470000
182.040000
184.750000
184.950000
183.990000
186.180000
183.880000
186.300000
185.540000
184.660000
182.540000
181.590000
181.310000
182.320000
180.550000
179.160000
180.000000
181.070000
180.520000
188.520000
189.980000
191.930000
191.730000
190.980000
190.460000
192.500000
192.600000
192.620000
191.530000
193.640000
192.820000
193.350000
192.950000
193.130000
192.420000
192.620000
192.220000
192.250000
193.020000
193.420000
193.390000
193.870000
197.610000
197.760000
197.530000
197.980000
196.730000
197.530000
198.810000
200.660000
197.260000
197.770000
199.810000
200.620000
201.000000
203.780000
204.720000
206.000000
206.010000
205.720000
204.250000
204.690000
205.490000
205.480000
207.770000
207.180000
207.290000
208.270000
208.650000
209.470000
209.500000
206.050000
205.470000
204.940000
202.330000
202.580000
205.320000
202.800000
202.720000
207.450000
200.130000
199.510000
199.600000
198.620000
200.000000
203.570000
205.580000
206.810000
207.080000
208.000000
208.060000
207.240000
204.990000
203.750000
201.480000
201.230000
200.600000
201.170000
199.440000
199.040000
199.730000
197.890000
195.880000
197.760000
196.820000
196.120000
196.090000
194.300000
196.460000
194.530000
192.900000
189.080000
188.540000
189.200000
193.990000
194.440000
195.140000
192.510000
194.550000
193.100000
195.100000
199.100000
198.290000
198.930000
198.780000
193.390000
193.700000
192.860000
191.950000
193.000000
191.400000
195.580000
195.830000
195.930000
195.290000
191.410000
189.670000
186.260000
185.250000
183.090000
186.010000
184.790000
183.650000
188.250000
195.340000
192.450000
190.830000
190.340000
191.080000
193.950000
196.390000
196.680000
195.980000
195.180000
194.450000
198.520000
198.760000
199.930000
199.030000
198.420000
199.290000
199.010000
198.290000
198.400000
200.840000
201.220000
200.500000
198.650000
197.250000
195.700000
197.770000
195.690000
194.870000
195.080000
193.370000
194.850000
194.540000
195.040000
199.100000
199.500000
200.950000
203.270000
203.770000
206.360000
206.810000
207.150000
207.070000
206.430000
206.180000
205.980000
205.290000
204.980000
204.000000
205.910000
207.450000
210.470000
209.840000
210.510000
210.390000
210.590000
209.820000
207.990000
205.820000
205.760000
207.800000
208.930000
211.000000
200.630000
194.960000
193.360000
194.400000
191.250000
190.720000
191.600000
193.270000
194.530000
197.150000
193.430000
194.140000
195.070000
191.160000
190.100000
189.640000
189.250000
188.320000
185.510000
185.850000
186.940000
190.350000
189.200000
190.290000
193.490000
192.880000
191.230000
191.980000
191.530000
190.070000
189.480000
189.360000
188.650000
189.700000
191.950000
192.620000
194.200000
192.950000
191.990000
191.760000
193.620000
195.690000
195.080000
194.770000
193.420000
192.400000
191.950000
192.710000
189.830000
191.550000
196.350000
195.270000
193.990000
193.140000
192.870000
192.320000
192.880000
194.450000
192.620000
192.500000
192.590000
193.650000
194.470000
196.080000
204.720000
204.420000
204.970000
204.930000
203.900000
203.520000
203.070000
205.180000
203.790000
202.790000
201.020000
199.740000
201.680000
200.160000
200.040000
200.090000
199.650000
200.980000
200.320000
199.310000
198.330000
201.090000
197.510000
199.140000
202.330000
200.830000
202.910000
205.190000
206.530000
208.380000
209.420000
210.380000
210.080000
210.550000
212.060000
215.800000
214.920000
213.210000
213.440000
215.060000
212.260000
212.080000
210.740000
212.360000
210.890000
213.300000
212.380000
214.360000
212.660000
211.310000
209.410000
209.320000
209.220000
212.000000
212.920000
211.380000
209.260000
212.000000
209.670000
207.150000
190.000000
187.830000
191.610000
191.710000
193.950000
194.310000
199.150000
202.540000
199.630000
202.390000
204.510000
202.780000
203.630000
204.820000
203.240000
204.470000
202.470000
203.210000
203.320000
204.690000
208.440000
207.600000
208.650000
206.990000
206.160000
205.720000
207.780000
207.920000
209.360000
208.020000
208.950000
206.190000
202.740000
203.800000
206.350000
205.020000
203.980000
201.200000
203.770000
202.200000
203.040000
204.870000
201.940000
197.350000
195.460000
193.540000
194.980000
194.860000
195.650000
191.110000
191.280000
191.500000
193.250000
194.930000
194.980000
191.300000
192.250000
192.800000
192.070000
194.000000
193.850000
194.550000
197.990000
193.540000
194.090000
194.980000
196.610000
197.220000
197.350000
196.210000
196.010000
195.040000
195.810000
195.160000
195.500000
190.990000
188.560000
187.930000
187.820000
189.090000
188.420000
187.530000
185.790000
185.340000
184.230000
184.560000
184.860000
185.190000
185.420000
184.740000
182.740000
182.160000
182.640000
182.270000
183.960000
183.130000
184.150000
183.030000
184.980000
186.600000
190.700000
190.730000
192.170000
193.150000
192.160000
194.420000
193.390000
190.020000
190.990000
189.970000
189.470000
190.220000
186.920000
185.180000
186.380000
184.960000
183.860000
184.100000
182.010000
178.720000
181.320000
184.770000
186.160000
186.970000
184.660000
186.730000
174.830000
173.780000
172.860000
174.970000
175.770000
177.800000
176.850000
177.350000
182.120000
180.150000
179.210000
179.230000
180.270000
177.850000
179.190000
180.000000
179.990000
182.880000
183.070000
183.550000
182.210000
183.190000
184.470000
185.250000
185.190000
184.130000
181.300000
178.940000
177.310000
178.970000
179.680000
177.480000
176.080000
175.740000
176.080000
177.670000
177.460000
177.120000
175.200000
173.370000
172.800000
177.850000
175.760000
178.700000
180.220000
180.020000
182.230000
183.220000
185.350000
185.080000
186.410000
187.570000
185.530000
186.640000
186.000000
189.710000
187.970000
187.380000
187.260000
184.160000
185.920000
187.740000
188.760000
190.090000
188.430000
182.250000
182.730000
179.640000
177.900000
176.850000
176.400000
177.360000
176.680000
172.900000
172.840000
174.240000
174.670000
177.250000
177.140000
179.700000
180.240000
181.840000
183.690000
183.190000
182.950000
184.260000
182.790000
183.450000
183.230000
184.060000
185.270000
185.170000
184.260000
186.440000
187.140000
187.640000
187.680000
186.390000
186.760000
186.220000
183.900000
182.210000
185.810000
186.810000
184.710000
187.900000
186.670000
188.250000
195.040000
192.620000
189.830000
190.450000
192.490000
194.500000
193.550000
192.690000
191.770000
194.520000
193.290000
196.640000
195.680000
195.190000
197.770000
197.020000
196.400000
190.010000
192.270000
192.150000
191.730000
190.220000
189.630000
193.140000
195.110000
196.470000
193.530000
191.440000
191.260000
190.030000
189.300000
188.910000
190.080000
192.570000
192.190000
188.720000
186.460000
187.060000
187.000000
184.890000
186.390000
185.680000
185.940000
184.780000
183.080000
183.760000
184.360000
185.690000
184.370000
184.510000
185.980000
186.370000
186.220000
184.290000
182.250000
181.220000
182.560000
182.350000
182.260000
183.600000
182.820000
181.550000
182.140000
180.880000
180.720000
180.370000
181.710000
181.270000
186.350000
188.390000
188.530000
188.040000
187.220000
188.420000
187.700000
188.000000
189.860000
188.490000
192.360000
192.490000
192.500000
190.850000
194.090000
193.630000
195.240000
194.400000
195.780000
194.570000
194.000000
191.670000
189.150000
189.640000
187.100000
185.970000
184.300000
186.630000
187.470000
187.340000
187.950000
187.880000
187.380000
189.360000
190.070000
190.100000
191.230000
190.410000
191.160000
192.990000
192.250000
192.000000
192.300000
191.560000
191.950000
190.680000
191.200000
190.140000
189.990000
191.540000
191.720000
191.280000
191.810000
192.960000
192.800000
193.750000
194.000000
193.110000
191.620000
192.310000
189.010000
190.060000
189.640000
189.830000
187.170000
186.910000
188.670000
189.040000
185.710000
189.360000
186.420000
185.930000
183.520000
183.800000
181.750000
179.840000
182.050000
169.100000
163.230000
161.790000
162.180000
162.080000
161.870000
163.600000
163.460000
164.350000
164.400000
164.360000
162.650000
161.820000
161.460000
162.070000
163.490000
163.300000
161.920000
162.790000
164.160000
164.160000
161.890000
161.430000
160.640000
160.920000
162.150000
161.760000
161.950000
162.170000
161.540000
162.670000
164.520000
164.050000
163.270000
161.860000
162.990000
160.510000
161.070000
155.380000
153.060000
151.410000
151.930000
157.680000
158.510000
161.440000
162.240000
161.820000
162.340000
160.510000
160.050000
160.440000
162.060000
159.510000
156.070000
155.050000
158.420000
159.110000
156.440000
156.810000
155.800000
154.570000
157.140000
156.950000
152.090000
155.390000
155.870000
156.360000
153.670000
151.550000
155.480000
153.310000
154.660000
158.470000
156.960000
157.910000
156.720000
155.750000
158.560000
158.200000
158.520000
160.400000
160.960000
162.190000
163.890000
163.650000
162.910000
164.830000
162.810000
160.870000
161.940000
160.480000
161.030000
159.420000
161.180000
158.500000
160.770000
157.810000
156.800000
157.980000
154.280000
157.080000
156.960000
159.810000
159.810000
162.880000
164.630000
163.000000
159.200000
160.590000
160.400000
162.670000
160.500000
159.180000
160.450000
162.040000
162.070000
161.850000
162.340000
162.860000
162.380000
162.300000
164.130000
163.130000
160.670000
166.160000
164.260000
165.360000
170.240000
169.780000
170.730000
173.920000
174.400000
171.290000
173.670000
173.970000
173.080000
170.050000
170.990000
172.680000
171.120000
170.550000
172.280000
174.050000
173.260000
173.060000
173.480000
173.760000
173.340000
172.220000
170.130000
172.000000
171.710000
169.650000
170.180000
169.650000
169.920000
168.380000
167.400000
165.340000
165.680000
168.920000
168.780000
166.990000
166.260000
166.840000
167.170000
168.250000
166.990000
167.730000
168.620000
166.970000
166.080000
165.460000
162.970000
162.660000
164.490000
165.090000
164.730000
165.000000
163.160000
163.850000
166.950000
169.380000
168.610000
168.530000
171.000000
172.510000
173.220000
163.070000
160.350000
161.730000
159.750000
159.070000
160.050000
161.090000
160.960000
161.990000
158.710000
157.600000
157.900000
156.320000
155.120000
156.750000
155.510000
156.160000
155.070000
155.750000
156.310000
156.010000
153.940000
152.660000
148.850000
143.470000
140.960000
146.700000
148.540000
147.980000
147.890000
142.680000
145.050000
146.780000
143.700000
147.230000
145.050000
146.200000
147.370000
145.650000
147.530000
148.410000
148.140000
144.510000
146.480000
144.430000
143.660000
144.410000
145.420000
142.520000
142.470000
144.970000
143.590000
144.580000
149.040000
148.780000
150.090000
152.280000
152.390000
151.140000
149.620000
150.010000
150.090000
150.390000
149.220000
140.640000
140.920000
144.090000
144.680000
143.660000
137.860000
140.830000
140.550000
140.080000
140.370000
141.880000
141.630000
139.890000
138.250000
135.310000
135.470000
135.020000
133.040000
131.750000
133.710000
133.820000
135.820000
136.740000
138.500000
138.460000
138.600000
138.000000
138.460000
139.420000
141.280000
139.700000
138.920000
140.430000
139.550000
138.050000
136.610000
136.780000
134.570000
135.930000
137.790000
139.290000
136.750000
134.900000
135.500000
137.930000
138.540000
138.250000
137.610000
139.780000
139.340000
137.620000
135.950000
135.850000
135.170000
132.860000
131.630000
133.230000
132.900000
131.170000
132.910000
130.030000
128.110000
121.860000
122.910000
122.500000
122.080000
122.590000
120.960000
122.220000
124.790000
124.830000
122.940000
124.720000
127.650000
128.570000
126.980000
124.070000
120.190000
117.850000
121.040000
122.740000
126.100000
132.450000
133.080000
133.770000
132.400000
132.800000
134.500000
132.030000
131.030000
134.370000
136.300000
137.800000
137.800000
140.150000
139.070000
140.410000
140.190000
142.360000
142.780000
142.960000
144.790000
147.040000
147.090000
148.630000
148.100000
145.400000
147.950000
148.400000
149.330000
148.410000
151.450000
152.520000
152.070000
150.000000
150.020000
148.250000
149.350000
149.250000
149.630000
151.230000
151.160000
151.720000
152.530000
144.000000
146.110000
149.300000
148.500000
148.810000
149.080000
150.470000
147.070000
145.940000
145.270000
144.130000
144.250000
146.480000
147.290000
147.340000
149.970000
148.950000
148.840000
147.720000
149.460000
148.000000
147.340000
144.930000
147.250000
146.770000
148.310000
151.690000
152.440000
152.840000
153.740000
152.510000
153.500000
152.890000
152.730000
153.330000
154.000000
153.420000
152.370000
151.280000
151.060000
150.680000
151.060000
151.990000
153.610000
154.050000
152.920000
155.350000
146.590000
143.500000
145.700000
148.460000
151.780000
152.350000
151.680000
152.370000
152.600000
154.460000
155.330000
157.040000
158.020000
160.280000
159.780000
159.860000
159.580000
161.360000
160.450000
162.070000
162.650000
162.120000
161.830000
161.370000
160.620000
161.450000
160.580000
160.670000
161.550000
163.510000
162.040000
161.770000
162.080000
163.530000
161.950000
161.880000
160.700000
160.440000
161.360000
160.040000
160.000000
160.260000
159.050000
158.630000
158.320000
159.720000
159.400000
158.880000
159.540000
159.550000
160.350000
161.640000
159.000000
155.690000
158.290000
155.810000
154.050000
155.660000
153.840000
154.870000
154.450000
155.530000
156.110000
154.980000
153.980000
156.770000
158.290000
158.110000
158.850000
157.610000
156.460000
157.080000
156.880000
155.670000
157.020000
154.790000
154.290000
153.720000
154.450000
154.770000
150.720000
151.260000
151.520000
149.630000
150.570000
150.880000
151.810000
153.350000
152.610000
153.690000
152.790000
151.950000
152.370000
152.430000
155.720000
155.170000
154.810000
160.220000
161.270000
158.210000
158.670000
159.290000
159.800000
160.390000
162.770000
162.670000
161.980000
163.140000
164.520000
163.530000
162.220000
159.820000
160.020000
159.840000
160.350000
164.790000
165.360000
166.520000
165.500000
168.290000
168.510000
168.020000
166.730000
166.680000
167.600000
167.330000
167.060000
166.710000
167.140000
166.190000
166.600000
165.990000
167.190000
169.260000
168.700000
169.530000
167.650000
165.520000
167.750000
167.950000
167.340000
167.890000
166.800000
166.810000
170.550000
171.030000
175.900000
178.290000
178.660000
177.300000
175.800000
174.520000
174.290000
174.580000
175.820000
175.860000
178.460000
176.170000
177.210000
178.680000
179.360000
180.130000
181.680000
181.430000
180.670000
180.260000
181.150000
181.650000
181.350000
179.400000
179.820000
181.950000
180.530000
180.050000
180.470000
180.380000
179.450000
177.180000
177.830000
176.460000
175.720000
175.810000
177.240000
175.650000
175.700000
173.880000
174.780000
174.820000
173.830000
173.770000
174.510000
173.940000
173.860000
174.140000
174.500000
174.520000
172.880000
172.450000
172.140000
171.200000
170.580000
170.660000
169.530000
171.100000
170.050000
161.690000
162.300000
160.380000
160.750000
160.390000
160.060000
160.320000
160.290000
158.840000
159.100000
158.630000
159.050000
155.050000
153.030000
152.110000
151.250000
150.650000
150.370000
151.510000
153.680000
150.930000
150.780000
151.980000
152.640000
152.030000
152.510000
153.200000
152.490000
151.730000
152.630000
152.670000
152.050000
152.410000
152.370000
150.980000
152.100000
154.100000
155.180000
154.250000
153.810000
154.220000
155.380000
154.840000
154.950000
153.790000
154.400000
154.110000
155.230000
154.750000
155.320000
154.130000
153.830000
155.580000
153.670000
152.360000
152.940000
153.420000
153.190000
153.700000
153.630000
154.240000
153.010000
154.000000
147.530000
147.660000
147.080000
145.990000
146.190000
145.360000
145.070000
144.290000
144.670000
145.160000
144.450000
144.940000
145.160000
143.470000
142.110000
141.770000
141.840000
141.840000
142.320000
142.070000
142.500000
140.700000
139.700000
140.330000
141.010000
142.140000
142.940000
143.740000
142.510000
143.140000
142.560000
143.030000
144.080000
143.040000
143.820000
142.900000
142.450000
144.860000
145.760000
145.990000
145.540000
144.820000
144.550000
144.390000
145.880000
145.260000
145.130000
145.870000
146.560000
145.660000
145.660000
145.080000
146.660000
146.780000
146.480000
146.720000
146.480000
147.390000
148.500000
147.620000
147.030000
147.100000
146.830000
146.540000
159.530000
160.900000
162.070000
159.550000
155.880000
153.495000
153.600000
153.680000
154.360000
154.060000
154.030000
153.350000
151.580000
150.840000
151.350000
151.570000
150.300000
149.160000
148.400000
148.890000
147.100000
149.120000
148.970000
150.510000
151.950000
151.770000
151.840000
151.980000
152.470000
153.550000
153.970000
154.760000
156.460000
155.350000
154.100000
153.570000
154.810000
155.410000
156.740000
153.910000
154.000000
152.500000
153.330000
153.230000
152.950000
151.500000
152.500000
152.830000
153.130000
154.040000
153.420000
154.250000
158.490000
161.700000
162.490000
163.470000
163.830000
164.180000
164.200000
163.140000
163.850000
168.650000
169.120000
162.370000
162.600000
166.250000
165.370000
165.470000
167.340000
166.800000
163.620000
163.700000
162.400000
159.030000
152.530000
155.340000
153.850000
147.590000
149.510000
151.400000
150.750000
154.760000
156.010000
156.180000
155.160000
153.960000
153.180000
155.520000
158.580000
156.550000
155.830000
153.810000
154.490000
156.950000
155.720000
158.320000
156.210000
159.310000
160.260000
159.320000
158.120000
159.610000
160.260000
157.350000
156.200000
156.690000
152.090000
148.890000
153.370000
151.910000
152.520000
153.430000
150.070000
149.850000
154.120000
154.030000
150.570000
152.690000
155.390000
155.360000
158.070000
156.710000
157.890000
160.910000
148.790000
147.700000
144.900000
145.860000
145.560000
145.940000
146.720000
146.480000
144.960000
145.000000
142.450000
141.990000
143.910000
143.220000
143.000000
142.610000
144.240000
144.140000
144.300000
143.740000
144.630000
144.500000
144.080000
145.490000
145.090000
144.670000
144.070000
143.640000
141.220000
142.620000
141.310000
141.950000
143.040000
143.700000
144.710000
145.360000
146.140000
146.580000
146.870000
146.350000
145.200000
145.390000
144.480000
143.900000
142.630000
141.250000
141.280000
138.790000
139.080000
137.480000
140.040000
139.700000
139.860000
139.570000
141.430000
142.480000
144.390000
144.710000
144.940000
146.450000
145.900000
145.460000
143.490000
144.520000
149.240000
146.350000
145.700000
146.380000
146.620000
146.710000
145.150000
145.490000
144.930000
143.500000
142.960000
147.700000
146.030000
147.010000
146.890000
144.770000
144.480000
142.710000
143.360000
143.910000
145.340000
146.060000
146.510000
145.970000
145.240000
145.370000
146.040000
146.690000
146.590000
147.540000
145.930000
146.480000
145.680000
146.660000
146.390000
145.450000
145.650000
146.490000
146.570000
148.950000
148.330000
147.940000
148.560000
149.060000
151.150000
151.350000
150.030000
148.910000
151.610000
151.500000
151.210000
153.000000
153.750000
153.220000
151.310000
149.030000
148.390000
147.240000
142.690000
139.020000
140.850000
141.130000
145.120000
134.050000
130.550000
129.100000
130.020000
131.210000
127.210000
126.450000
124.790000
119.640000
115.400000
115.430000
116.830000
115.670000
120.060000
123.120000
124.840000
123.380000
123.540000
120.900000
120.840000
120.200000
121.440000
121.570000
120.310000
117.200000
118.570000
117.190000
119.560000
120.030000
123.000000
121.480000
124.270000
125.310000
121.600000
123.910000
119.340000
121.130000
120.890000
121.160000
120.730000
119.900000
116.100000
116.650000
116.430000
113.020000
110.940000
107.570000
111.390000
113.780000
113.030000
113.670000
115.210000
112.910000
117.320000
118.150000
119.830000
120.690000
121.790000
121.460000
120.390000
121.730000
121.620000
122.190000
123.820000
122.520000
132.890000
132.530000
133.970000
134.270000
134.330000
134.380000
134.420000
134.100000
135.190000
135.550000
136.320000
133.190000
133.710000
133.990000
136.050000
137.520000
136.480000
138.030000
138.700000
138.000000
137.840000
139.250000
139.460000
139.720000
139.170000
138.130000
139.200000
138.430000
137.880000
136.980000
135.360000
135.090000
137.710000
138.280000
138.560000
138.790000
139.430000
140.210000
140.490000
139.600000
141.440000
139.450000
139.180000
140.220000
139.240000
139.920000
141.100000
143.300000
143.000000
143.630000
142.780000
143.280000
143.390000
142.110000
143.020000
143.780000
144.350000
143.900000
145.140000
139.110000
140.330000
138.890000
140.440000
139.950000
138.630000
139.440000
139.050000
140.270000
140.560000
139.590000
140.250000
140.380000
137.640000
138.000000
135.340000
135.320000
131.420000
133.310000
134.400000
135.880000
134.320000
135.120000
136.450000
136.350000
132.390000
132.280000
130.460000
129.690000
129.570000
126.990000
128.270000
132.690000
131.490000
132.220000
133.310000
134.740000
135.950000
134.870000
135.760000
135.150000
134.950000
136.380000
137.080000
138.850000
139.200000
139.350000
138.360000
138.520000
138.520000
137.900000
139.880000
140.220000
141.540000
141.380000
140.570000
139.330000
140.470000
141.240000
142.740000
143.320000
143.530000
143.070000
149.630000
149.680000
149.740000
150.380000
150.030000
150.390000
151.360000
150.880000
149.770000
148.240000
150.320000
147.250000
140.760000
140.730000
139.110000
140.100000
136.130000
133.670000
135.790000
131.250000
131.920000
133.760000
135.040000
133.000000
134.250000
134.320000
129.570000
129.990000
131.170000
132.760000
134.880000
135.530000
134.100000
136.320000
140.970000
140.570000
142.600000
145.050000
143.600000
143.620000
143.670000
142.480000
142.200000
142.220000
142.970000
141.880000
142.070000
141.680000
143.160000
143.550000
143.240000
145.420000
143.660000
141.690000
142.020000
142.990000
141.280000
138.380000
139.670000
141.130000
142.760000
142.040000
143.000000
142.110000
134.260000
134.090000
132.580000
133.960000
134.380000
134.070000
135.440000
135.970000
133.820000
135.250000
133.730000
135.530000
137.670000
137.890000
138.780000
137.690000
137.610000
135.470000
135.590000
134.480000
134.000000
134.400000
134.310000
134.520000
133.200000
133.840000
134.340000
135.970000
135.090000
133.770000
134.450000
132.910000
132.120000
131.990000
131.910000
133.220000
133.920000
133.910000
133.760000
135.320000
134.210000
134.130000
134.220000
134.410000
134.560000
135.590000
135.550000
134.980000
134.910000
135.270000
132.810000
134.040000
135.420000
134.340000
134.100000
134.190000
135.310000
136.740000
136.690000
136.600000
135.820000
136.620000
137.980000
138.310000
139.170000
143.890000
142.870000
140.560000
138.620000
139.550000
137.690000
136.770000
143.730000
146.270000
149.110000
156.330000
156.760000
153.410000
154.430000
153.480000
155.310000
154.310000
150.700000
151.100000
150.860000
151.220000
149.840000
146.430000
141.710000
139.750000
133.110000
130.150000
134.300000
128.900000
134.220000
129.550000
127.730000
117.810000
124.770000
117.970000
102.810000
107.950000
99.080000
106.650000
103.550000
100.340000
95.390000
94.770000
105.480000
105.850000
112.890000
108.030000
112.930000
110.930000
105.140000
110.000000
106.340000
114.820000
114.940000
119.290000
121.500000
121.150000
123.910000
118.690000
115.730000
120.120000
120.410000
116.760000
119.310000
121.350000
124.720000
125.920000
126.270000
128.690000
125.560000
121.870000
121.680000
122.580000
123.170000
121.230000
122.990000
122.590000
120.260000
115.730000
116.950000
116.980000
121.560000
120.290000
121.380000
119.120000
118.390000
